41
43
47
53
61
71
83
97
113
131
151
173
197
223
251
281
313
347
383
421
461
503
547
593
641
691
743
797
853
911
971
1033
1097
1163
1231
1301
1373
1447
1523
1601
1681
1763
1847
1933
2021
2111
2203
2297
2393
2491
2591
2693
2797
2903
3011
3121
3233
3347
3463
3581
3701
3823
3947
4073
4201
4331
4463
4597
4733
4871
5011
5153
5297
5443
5591
5741
5893
6047
6203
6361
6521
6683
6847
7013
7181
7351
7523
7697
7873
8051
8231
8413
8597
8783
8971
9161
9353
9547
9743
9941
10141
10343
10547
10753
10961
11171
11383
11597
11813
12031
12251
12473
12697
12923
13151
13381
13613
13847
14083
14321
14561
14803
15047
15293
15541
15791
16043
16297
16553
16811
17071
17333
17597
17863
18131
18401
18673
18947
19223
19501
19781
20063
20347
20633
20921
21211
21503
21797
22093
22391
22691
22993
23297
23603
23911
24221
24533
24847
25163
25481
25801
26123
26447
26773
27101
27431
27763
28097
28433
28771
29111
29453
29797
30143
30491
30841
31193
31547
31903
32261
32621
32983
33347
33713
34081
34451
34823
35197
35573
35951
36331
36713
37097
37483
37871
38261
38653
39047
39443
39841
40241
40643
41047
41453
41861
42271
42683
43097
43513
43931
44351
44773
45197
45623
46051
46481
46913
47347
47783
48221
48661
49103
49547
49993
50441
50891
51343
51797
52253
52711
53171
53633
54097
54563
55031
55501
55973
56447
56923
57401
57881
58363
58847
59333
59821
60311
60803
61297
61793
62291
62791
63293
63797
64303
64811
65321
65833
66347
66863
67381
67901
68423
68947
69473
70001
70531
71063
71597
72133
72671
73211
73753
74297
74843
75391
75941
76493
77047
77603
78161
78721
79283
79847
80413
80981
81551
82123
82697
83273
83851
84431
85013
85597
86183
86771
87361
87953
88547
89143
89741
90341
90943
91547
92153
92761
93371
93983
94597
95213
95831
96451
97073
97697
98323
98951
99581
100213
100847
101483
102121
102761
103403
104047
104693
105341
105991
106643
107297
107953
108611
109271
109933
110597
111263
111931
112601
113273
113947
114623
115301
115981
116663
117347
118033
118721
119411
120103
120797
121493
122191
122891
123593
124297
125003
125711
126421
127133
127847
128563
129281
130001
130723
131447
132173
132901
133631
134363
135097
135833
136571
137311
138053
138797
139543
140291
141041
141793
142547
143303
144061
144821
145583
146347
147113
147881
148651
149423
150197
150973
151751
152531
153313
154097
154883
155671
156461
157253
158047
158843
159641
160441
161243
162047
162853
163661
164471
165283
166097
166913
167731
168551
169373
170197
171023
171851
172681
173513
174347
175183
176021
176861
177703
178547
179393
180241
181091
181943
182797
183653
184511
185371
186233
187097
187963
188831
189701
190573
191447
192323
193201
194081
194963
195847
196733
197621
198511
199403
200297
201193
202091
202991
203893
204797
205703
206611
207521
208433
209347
210263
211181
212101
213023
213947
214873
215801
216731
217663
218597
219533
220471
221411
222353
223297
224243
225191
226141
227093
228047
229003
229961
230921
231883
232847
233813
234781
235751
236723
237697
238673
239651
240631
241613
242597
243583
244571
245561
246553
247547
248543
249541
250541
251543
252547
253553
254561
255571
256583
257597
258613
259631
260651
261673
262697
263723
264751
265781
266813
267847
268883
269921
270961
272003
273047
274093
275141
276191
277243
278297
279353
280411
281471
282533
283597
284663
285731
286801
287873
288947
290023
291101
292181
293263
294347
295433
296521
297611
298703
299797
300893
301991
303091
304193
305297
306403
307511
308621
309733
310847
311963
313081
314201
315323
316447
317573
318701
319831
320963
322097
323233
324371
325511
326653
327797
328943
330091
331241
332393
333547
334703
335861
337021
338183
339347
340513
341681
342851
344023
345197
346373
347551
348731
349913
351097
352283
353471
354661
355853
357047
358243
359441
360641
361843
363047
364253
365461
366671
367883
369097
370313
371531
372751
373973
375197
376423
377651
378881
380113
381347
382583
383821
385061
386303
387547
388793
390041
391291
392543
393797
395053
396311
397571
398833
400097
401363
402631
403901
405173
406447
407723
409001
410281
411563
412847
414133
415421
416711
418003
419297
420593
421891
423191
424493
425797
427103
428411
429721
431033
432347
433663
434981
436301
437623
438947
440273
441601
442931
444263
445597
446933
448271
449611
450953
452297
453643
454991
456341
457693
459047
460403
461761
463121
464483
465847
467213
468581
469951
471323
472697
474073
475451
476831
478213
479597
480983
482371
483761
485153
486547
487943
489341
490741
492143
493547
494953
496361
497771
499183
500597
502013
503431
504851
506273
507697
509123
510551
511981
513413
514847
516283
517721
519161
520603
522047
523493
524941
526391
527843
529297
530753
532211
533671
535133
536597
538063
539531
541001
542473
543947
545423
546901
548381
549863
551347
552833
554321
555811
557303
558797
560293
561791
563291
564793
566297
567803
569311
570821
572333
573847
575363
576881
578401
579923
581447
582973
584501
586031
587563
589097
590633
592171
593711
595253
596797
598343
599891
601441
602993
604547
606103
607661
609221
610783
612347
613913
615481
617051
618623
620197
621773
623351
624931
626513
628097
629683
631271
632861
634453
636047
637643
639241
640841
642443
644047
645653
647261
648871
650483
652097
653713
655331
656951
658573
660197
661823
663451
665081
666713
668347
669983
671621
673261
674903
676547
678193
679841
681491
683143
684797
686453
688111
689771
691433
693097
694763
696431
698101
699773
701447
703123
704801
706481
708163
709847
711533
713221
714911
716603
718297
719993
721691
723391
725093
726797
728503
730211
731921
733633
735347
737063
738781
740501
742223
743947
745673
747401
749131
750863
752597
754333
756071
757811
759553
761297
763043
764791
766541
768293
770047
771803
773561
775321
777083
778847
780613
782381
784151
785923
787697
789473
791251
793031
794813
796597
798383
800171
801961
803753
805547
807343
809141
810941
812743
814547
816353
818161
819971
821783
823597
825413
827231
829051
830873
832697
834523
836351
838181
840013
841847
843683
845521
847361
849203
851047
852893
854741
856591
858443
860297
862153
864011
865871
867733
869597
871463
873331
875201
877073
878947
880823
882701
884581
886463
888347
890233
892121
894011
895903
897797
899693
901591
903491
905393
907297
909203
911111
913021
914933
916847
918763
920681
922601
924523
926447
928373
930301
932231
934163
936097
938033
939971
941911
943853
945797
947743
949691
951641
953593
955547
957503
959461
961421
963383
965347
967313
969281
971251
973223
975197
977173
979151
981131
983113
985097
987083
989071
991061
993053
995047
997043
999041
