41
43
47
53
61
71
83
97
113
131
151
173
197
223
251
281
313
347
383
421
461
503
547
593
641
691
743
797
853
911
971
1033
1097
1163
1231
1301
1373
1447
1523
1601
1681
1763
1847
1933
2021
2111
2203
2297
2393
2491
2591
2693
2797
2903
3011
3121
3233
3347
3463
3581
3701
3823
3947
4073
4201
4331
4463
4597
4733
4871
5011
5153
5297
5443
5591
5741
5893
6047
6203
6361
6521
6683
6847
7013
7181
7351
7523
7697
7873
8051
8231
8413
8597
8783
8971
9161
9353
9547
9743
9941
10141
10343
10547
10753
10961
11171
11383
11597
11813
12031
12251
12473
12697
12923
13151
13381
13613
13847
14083
14321
14561
14803
15047
15293
15541
15791
16043
16297
16553
16811
17071
17333
17597
17863
18131
18401
18673
18947
19223
19501
19781
20063
20347
20633
20921
21211
21503
21797
22093
22391
22691
22993
23297
23603
23911
24221
24533
24847
25163
25481
25801
26123
26447
26773
27101
27431
27763
28097
28433
28771
29111
29453
29797
30143
30491
30841
31193
31547
31903
32261
32621
32983
33347
33713
34081
34451
34823
35197
35573
35951
36331
36713
37097
37483
37871
38261
38653
39047
39443
39841
40241
40643
41047
41453
41861
42271
42683
43097
43513
43931
44351
44773
45197
45623
46051
46481
46913
47347
47783
48221
48661
49103
49547
49993
50441
50891
51343
51797
52253
52711
53171
53633
54097
54563
55031
55501
55973
56447
56923
57401
57881
58363
58847
59333
59821
60311
60803
61297
61793
62291
62791
63293
63797
64303
64811
65321
65833
66347
66863
67381
67901
68423
68947
69473
70001
70531
71063
71597
72133
72671
73211
73753
74297
74843
75391
75941
76493
77047
77603
78161
78721
79283
79847
80413
80981
81551
82123
82697
83273
83851
84431
85013
85597
86183
86771
87361
87953
88547
89143
89741
90341
90943
91547
92153
92761
93371
93983
94597
95213
95831
96451
97073
97697
98323
98951
99581
100213
100847
101483
102121
102761
103403
104047
104693
105341
105991
106643
107297
107953
108611
109271
109933
110597
111263
111931
112601
113273
113947
114623
115301
115981
116663
117347
118033
118721
119411
120103
120797
121493
122191
122891
123593
124297
125003
125711
126421
127133
127847
128563
129281
130001
130723
131447
132173
132901
133631
134363
135097
135833
136571
137311
138053
138797
139543
140291
141041
141793
142547
143303
144061
144821
145583
146347
147113
147881
148651
149423
150197
150973
151751
152531
153313
154097
154883
155671
156461
157253
158047
158843
159641
160441
161243
162047
162853
163661
164471
165283
166097
166913
167731
168551
169373
170197
171023
171851
172681
173513
174347
175183
176021
176861
177703
178547
179393
180241
181091
181943
182797
183653
184511
185371
186233
187097
187963
188831
189701
190573
191447
192323
193201
194081
194963
195847
196733
197621
198511
199403
200297
201193
202091
202991
203893
204797
205703
206611
207521
208433
209347
210263
211181
212101
213023
213947
214873
215801
216731
217663
218597
219533
220471
221411
222353
223297
224243
225191
226141
227093
228047
229003
229961
230921
231883
232847
233813
234781
235751
236723
237697
238673
239651
240631
241613
242597
243583
244571
245561
246553
247547
248543
249541
250541
251543
252547
253553
254561
255571
256583
257597
258613
259631
260651
261673
262697
263723
264751
265781
266813
267847
268883
269921
270961
272003
273047
274093
275141
276191
277243
278297
279353
280411
281471
282533
283597
284663
285731
286801
287873
288947
290023
291101
292181
293263
294347
295433
296521
297611
298703
299797
300893
301991
303091
304193
305297
306403
307511
308621
309733
310847
311963
313081
314201
315323
316447
317573
318701
319831
320963
322097
323233
324371
325511
326653
327797
328943
330091
331241
332393
333547
334703
335861
337021
338183
339347
340513
341681
342851
344023
345197
346373
347551
348731
349913
351097
352283
353471
354661
355853
357047
358243
359441
360641
361843
363047
364253
365461
366671
367883
369097
370313
371531
372751
373973
375197
376423
377651
378881
380113
381347
382583
383821
385061
386303
387547
388793
390041
391291
392543
393797
395053
396311
397571
398833
400097
401363
402631
403901
405173
406447
407723
409001
410281
411563
412847
414133
415421
416711
418003
419297
420593
421891
423191
424493
425797
427103
428411
429721
431033
432347
433663
434981
436301
437623
438947
440273
441601
442931
444263
445597
446933
448271
449611
450953
452297
453643
454991
456341
457693
459047
460403
461761
463121
464483
465847
467213
468581
469951
471323
472697
474073
475451
476831
478213
479597
480983
482371
483761
485153
486547
487943
489341
490741
492143
493547
494953
496361
497771
499183
500597
502013
503431
504851
506273
507697
509123
510551
511981
513413
514847
516283
517721
519161
520603
522047
523493
524941
526391
527843
529297
530753
532211
533671
535133
536597
538063
539531
541001
542473
543947
545423
546901
548381
549863
551347
552833
554321
555811
557303
558797
560293
561791
563291
564793
566297
567803
569311
570821
572333
573847
575363
576881
578401
579923
581447
582973
584501
586031
587563
589097
590633
592171
593711
595253
596797
598343
599891
601441
602993
604547
606103
607661
609221
610783
612347
613913
615481
617051
618623
620197
621773
623351
624931
626513
628097
629683
631271
632861
634453
636047
637643
639241
640841
642443
644047
645653
647261
648871
650483
652097
653713
655331
656951
658573
660197
661823
663451
665081
666713
668347
669983
671621
673261
674903
676547
678193
679841
681491
683143
684797
686453
688111
689771
691433
693097
694763
696431
698101
699773
701447
703123
704801
706481
708163
709847
711533
713221
714911
716603
718297
719993
721691
723391
725093
726797
728503
730211
731921
733633
735347
737063
738781
740501
742223
743947
745673
747401
749131
750863
752597
754333
756071
757811
759553
761297
763043
764791
766541
768293
770047
771803
773561
775321
777083
778847
780613
782381
784151
785923
787697
789473
791251
793031
794813
796597
798383
800171
801961
803753
805547
807343
809141
810941
812743
814547
816353
818161
819971
821783
823597
825413
827231
829051
830873
832697
834523
836351
838181
840013
841847
843683
845521
847361
849203
851047
852893
854741
856591
858443
860297
862153
864011
865871
867733
869597
871463
873331
875201
877073
878947
880823
882701
884581
886463
888347
890233
892121
894011
895903
897797
899693
901591
903491
905393
907297
909203
911111
913021
914933
916847
918763
920681
922601
924523
926447
928373
930301
932231
934163
936097
938033
939971
941911
943853
945797
947743
949691
951641
953593
955547
957503
959461
961421
963383
965347
967313
969281
971251
973223
975197
977173
979151
981131
983113
985097
987083
989071
991061
993053
995047
997043
999041
1001041
1003043
1005047
1007053
1009061
1011071
1013083
1015097
1017113
1019131
1021151
1023173
1025197
1027223
1029251
1031281
1033313
1035347
1037383
1039421
1041461
1043503
1045547
1047593
1049641
1051691
1053743
1055797
1057853
1059911
1061971
1064033
1066097
1068163
1070231
1072301
1074373
1076447
1078523
1080601
1082681
1084763
1086847
1088933
1091021
1093111
1095203
1097297
1099393
1101491
1103591
1105693
1107797
1109903
1112011
1114121
1116233
1118347
1120463
1122581
1124701
1126823
1128947
1131073
1133201
1135331
1137463
1139597
1141733
1143871
1146011
1148153
1150297
1152443
1154591
1156741
1158893
1161047
1163203
1165361
1167521
1169683
1171847
1174013
1176181
1178351
1180523
1182697
1184873
1187051
1189231
1191413
1193597
1195783
1197971
1200161
1202353
1204547
1206743
1208941
1211141
1213343
1215547
1217753
1219961
1222171
1224383
1226597
1228813
1231031
1233251
1235473
1237697
1239923
1242151
1244381
1246613
1248847
1251083
1253321
1255561
1257803
1260047
1262293
1264541
1266791
1269043
1271297
1273553
1275811
1278071
1280333
1282597
1284863
1287131
1289401
1291673
1293947
1296223
1298501
1300781
1303063
1305347
1307633
1309921
1312211
1314503
1316797
1319093
1321391
1323691
1325993
1328297
1330603
1332911
1335221
1337533
1339847
1342163
1344481
1346801
1349123
1351447
1353773
1356101
1358431
1360763
1363097
1365433
1367771
1370111
1372453
1374797
1377143
1379491
1381841
1384193
1386547
1388903
1391261
1393621
1395983
1398347
1400713
1403081
1405451
1407823
1410197
1412573
1414951
1417331
1419713
1422097
1424483
1426871
1429261
1431653
1434047
1436443
1438841
1441241
1443643
1446047
1448453
1450861
1453271
1455683
1458097
1460513
1462931
1465351
1467773
1470197
1472623
1475051
1477481
1479913
1482347
1484783
1487221
1489661
1492103
1494547
1496993
1499441
1501891
1504343
1506797
1509253
1511711
1514171
1516633
1519097
1521563
1524031
1526501
1528973
1531447
1533923
1536401
1538881
1541363
1543847
1546333
1548821
1551311
1553803
1556297
1558793
1561291
1563791
1566293
1568797
1571303
1573811
1576321
1578833
1581347
1583863
1586381
1588901
1591423
1593947
1596473
1599001
1601531
1604063
1606597
1609133
1611671
1614211
1616753
1619297
1621843
1624391
1626941
1629493
1632047
1634603
1637161
1639721
1642283
1644847
1647413
1649981
1652551
1655123
1657697
1660273
1662851
1665431
1668013
1670597
1673183
1675771
1678361
1680953
1683547
1686143
1688741
1691341
1693943
1696547
1699153
1701761
1704371
1706983
1709597
1712213
1714831
1717451
1720073
1722697
1725323
1727951
1730581
1733213
1735847
1738483
1741121
1743761
1746403
1749047
1751693
1754341
1756991
1759643
1762297
1764953
1767611
1770271
1772933
1775597
1778263
1780931
1783601
1786273
1788947
1791623
1794301
1796981
1799663
1802347
1805033
1807721
1810411
1813103
1815797
1818493
1821191
1823891
1826593
1829297
1832003
1834711
1837421
1840133
1842847
1845563
1848281
1851001
1853723
1856447
1859173
1861901
1864631
1867363
1870097
1872833
1875571
1878311
1881053
1883797
1886543
1889291
1892041
1894793
1897547
1900303
1903061
1905821
1908583
1911347
1914113
1916881
1919651
1922423
1925197
1927973
1930751
1933531
1936313
1939097
1941883
1944671
1947461
1950253
1953047
1955843
1958641
1961441
1964243
1967047
1969853
1972661
1975471
1978283
1981097
1983913
1986731
1989551
1992373
1995197
1998023
2000851
2003681
2006513
2009347
2012183
2015021
2017861
2020703
2023547
2026393
2029241
2032091
2034943
2037797
2040653
2043511
2046371
2049233
2052097
2054963
2057831
2060701
2063573
2066447
2069323
2072201
2075081
2077963
2080847
2083733
2086621
2089511
2092403
2095297
2098193
2101091
2103991
2106893
2109797
2112703
2115611
2118521
2121433
2124347
2127263
2130181
2133101
2136023
2138947
2141873
2144801
2147731
2150663
2153597
2156533
2159471
2162411
2165353
2168297
2171243
2174191
2177141
2180093
2183047
2186003
2188961
2191921
2194883
2197847
2200813
2203781
2206751
2209723
2212697
2215673
2218651
2221631
2224613
2227597
2230583
2233571
2236561
2239553
2242547
2245543
2248541
2251541
2254543
2257547
2260553
2263561
2266571
2269583
2272597
2275613
2278631
2281651
2284673
2287697
2290723
2293751
2296781
2299813
2302847
2305883
2308921
2311961
2315003
2318047
2321093
2324141
2327191
2330243
2333297
2336353
2339411
2342471
2345533
2348597
2351663
2354731
2357801
2360873
2363947
2367023
2370101
2373181
2376263
2379347
2382433
2385521
2388611
2391703
2394797
2397893
2400991
2404091
2407193
2410297
2413403
2416511
2419621
2422733
2425847
2428963
2432081
2435201
2438323
2441447
2444573
2447701
2450831
2453963
2457097
2460233
2463371
2466511
2469653
2472797
2475943
2479091
2482241
2485393
2488547
2491703
2494861
2498021
2501183
2504347
2507513
2510681
2513851
2517023
2520197
2523373
2526551
2529731
2532913
2536097
2539283
2542471
2545661
2548853
2552047
2555243
2558441
2561641
2564843
2568047
2571253
2574461
2577671
2580883
2584097
2587313
2590531
2593751
2596973
2600197
2603423
2606651
2609881
2613113
2616347
2619583
2622821
2626061
2629303
2632547
2635793
2639041
2642291
2645543
2648797
2652053
2655311
2658571
2661833
2665097
2668363
2671631
2674901
2678173
2681447
2684723
2688001
2691281
2694563
2697847
2701133
2704421
2707711
2711003
2714297
2717593
2720891
2724191
2727493
2730797
2734103
2737411
2740721
2744033
2747347
2750663
2753981
2757301
2760623
2763947
2767273
2770601
2773931
2777263
2780597
2783933
2787271
2790611
2793953
2797297
2800643
2803991
2807341
2810693
2814047
2817403
2820761
2824121
2827483
2830847
2834213
2837581
2840951
2844323
2847697
2851073
2854451
2857831
2861213
2864597
2867983
2871371
2874761
2878153
2881547
2884943
2888341
2891741
2895143
2898547
2901953
2905361
2908771
2912183
2915597
2919013
2922431
2925851
2929273
2932697
2936123
2939551
2942981
2946413
2949847
2953283
2956721
2960161
2963603
2967047
2970493
2973941
2977391
2980843
2984297
2987753
2991211
2994671
2998133
3001597
3005063
3008531
3012001
3015473
3018947
3022423
3025901
3029381
3032863
3036347
3039833
3043321
3046811
3050303
3053797
3057293
3060791
3064291
3067793
3071297
3074803
3078311
3081821
3085333
3088847
3092363
3095881
3099401
3102923
3106447
3109973
3113501
3117031
3120563
3124097
3127633
3131171
3134711
3138253
3141797
3145343
3148891
3152441
3155993
3159547
3163103
3166661
3170221
3173783
3177347
3180913
3184481
3188051
3191623
3195197
3198773
3202351
3205931
3209513
3213097
3216683
3220271
3223861
3227453
3231047
3234643
3238241
3241841
3245443
3249047
3252653
3256261
3259871
3263483
3267097
3270713
3274331
3277951
3281573
3285197
3288823
3292451
3296081
3299713
3303347
3306983
3310621
3314261
3317903
3321547
3325193
3328841
3332491
3336143
3339797
3343453
3347111
3350771
3354433
3358097
3361763
3365431
3369101
3372773
3376447
3380123
3383801
3387481
3391163
3394847
3398533
3402221
3405911
3409603
3413297
3416993
3420691
3424391
3428093
3431797
3435503
3439211
3442921
3446633
3450347
3454063
3457781
3461501
3465223
3468947
3472673
3476401
3480131
3483863
3487597
3491333
3495071
3498811
3502553
3506297
3510043
3513791
3517541
3521293
3525047
3528803
3532561
3536321
3540083
3543847
3547613
3551381
3555151
3558923
3562697
3566473
3570251
3574031
3577813
3581597
3585383
3589171
3592961
3596753
3600547
3604343
3608141
3611941
3615743
3619547
3623353
3627161
3630971
3634783
3638597
3642413
3646231
3650051
3653873
3657697
3661523
3665351
3669181
3673013
3676847
3680683
3684521
3688361
3692203
3696047
3699893
3703741
3707591
3711443
3715297
3719153
3723011
3726871
3730733
3734597
3738463
3742331
3746201
3750073
3753947
3757823
3761701
3765581
3769463
3773347
3777233
3781121
3785011
3788903
3792797
3796693
3800591
3804491
3808393
3812297
3816203
3820111
3824021
3827933
3831847
3835763
3839681
3843601
3847523
3851447
3855373
3859301
3863231
3867163
3871097
3875033
3878971
3882911
3886853
3890797
3894743
3898691
3902641
3906593
3910547
3914503
3918461
3922421
3926383
3930347
3934313
3938281
3942251
3946223
3950197
3954173
3958151
3962131
3966113
3970097
3974083
3978071
3982061
3986053
3990047
3994043
3998041
4002041
4006043
4010047
4014053
4018061
4022071
4026083
4030097
4034113
4038131
4042151
4046173
4050197
4054223
4058251
4062281
4066313
4070347
4074383
4078421
4082461
4086503
4090547
4094593
4098641
4102691
4106743
4110797
4114853
4118911
4122971
4127033
4131097
4135163
4139231
4143301
4147373
4151447
4155523
4159601
4163681
4167763
4171847
4175933
4180021
4184111
4188203
4192297
4196393
4200491
4204591
4208693
4212797
4216903
4221011
4225121
4229233
4233347
4237463
4241581
4245701
4249823
4253947
4258073
4262201
4266331
4270463
4274597
4278733
4282871
4287011
4291153
4295297
4299443
4303591
4307741
4311893
4316047
4320203
4324361
4328521
4332683
4336847
4341013
4345181
4349351
4353523
4357697
4361873
4366051
4370231
4374413
4378597
4382783
4386971
4391161
4395353
4399547
4403743
4407941
4412141
4416343
4420547
4424753
4428961
4433171
4437383
4441597
4445813
4450031
4454251
4458473
4462697
4466923
4471151
4475381
4479613
4483847
4488083
4492321
4496561
4500803
4505047
4509293
4513541
4517791
4522043
4526297
4530553
4534811
4539071
4543333
4547597
4551863
4556131
4560401
4564673
4568947
4573223
4577501
4581781
4586063
4590347
4594633
4598921
4603211
4607503
4611797
4616093
4620391
4624691
4628993
4633297
4637603
4641911
4646221
4650533
4654847
4659163
4663481
4667801
4672123
4676447
4680773
4685101
4689431
4693763
4698097
4702433
4706771
4711111
4715453
4719797
4724143
4728491
4732841
4737193
4741547
4745903
4750261
4754621
4758983
4763347
4767713
4772081
4776451
4780823
4785197
4789573
4793951
4798331
4802713
4807097
4811483
4815871
4820261
4824653
4829047
4833443
4837841
4842241
4846643
4851047
4855453
4859861
4864271
4868683
4873097
4877513
4881931
4886351
4890773
4895197
4899623
4904051
4908481
4912913
4917347
4921783
4926221
4930661
4935103
4939547
4943993
4948441
4952891
4957343
4961797
4966253
4970711
4975171
4979633
4984097
4988563
4993031
4997501
5001973
5006447
5010923
5015401
5019881
5024363
5028847
5033333
5037821
5042311
5046803
5051297
5055793
5060291
5064791
5069293
5073797
5078303
5082811
5087321
5091833
5096347
5100863
5105381
5109901
5114423
5118947
5123473
5128001
5132531
5137063
5141597
5146133
5150671
5155211
5159753
5164297
5168843
5173391
5177941
5182493
5187047
5191603
5196161
5200721
5205283
5209847
5214413
5218981
5223551
5228123
5232697
5237273
5241851
5246431
5251013
5255597
5260183
5264771
5269361
5273953
5278547
5283143
5287741
5292341
5296943
5301547
5306153
5310761
5315371
5319983
5324597
5329213
5333831
5338451
5343073
5347697
5352323
5356951
5361581
5366213
5370847
5375483
5380121
5384761
5389403
5394047
5398693
5403341
5407991
5412643
5417297
5421953
5426611
5431271
5435933
5440597
5445263
5449931
5454601
5459273
5463947
5468623
5473301
5477981
5482663
5487347
5492033
5496721
5501411
5506103
5510797
5515493
5520191
5524891
5529593
5534297
5539003
5543711
5548421
5553133
5557847
5562563
5567281
5572001
5576723
5581447
5586173
5590901
5595631
5600363
5605097
5609833
5614571
5619311
5624053
5628797
5633543
5638291
5643041
5647793
5652547
5657303
5662061
5666821
5671583
5676347
5681113
5685881
5690651
5695423
5700197
5704973
5709751
5714531
5719313
5724097
5728883
5733671
5738461
5743253
5748047
5752843
5757641
5762441
5767243
5772047
5776853
5781661
5786471
5791283
5796097
5800913
5805731
5810551
5815373
5820197
5825023
5829851
5834681
5839513
5844347
5849183
5854021
5858861
5863703
5868547
5873393
5878241
5883091
5887943
5892797
5897653
5902511
5907371
5912233
5917097
5921963
5926831
5931701
5936573
5941447
5946323
5951201
5956081
5960963
5965847
5970733
5975621
5980511
5985403
5990297
5995193
6000091
6004991
6009893
6014797
6019703
6024611
6029521
6034433
6039347
6044263
6049181
6054101
6059023
6063947
6068873
6073801
6078731
6083663
6088597
6093533
6098471
6103411
6108353
6113297
6118243
6123191
6128141
6133093
6138047
6143003
6147961
6152921
6157883
6162847
6167813
6172781
6177751
6182723
6187697
6192673
6197651
6202631
6207613
6212597
6217583
6222571
6227561
6232553
6237547
6242543
6247541
6252541
6257543
6262547
6267553
6272561
6277571
6282583
6287597
6292613
6297631
6302651
6307673
6312697
6317723
6322751
6327781
6332813
6337847
6342883
6347921
6352961
6358003
6363047
6368093
6373141
6378191
6383243
6388297
6393353
6398411
6403471
6408533
6413597
6418663
6423731
6428801
6433873
6438947
6444023
6449101
6454181
6459263
6464347
6469433
6474521
6479611
6484703
6489797
6494893
6499991
6505091
6510193
6515297
6520403
6525511
6530621
6535733
6540847
6545963
6551081
6556201
6561323
6566447
6571573
6576701
6581831
6586963
6592097
6597233
6602371
6607511
6612653
6617797
6622943
6628091
6633241
6638393
6643547
6648703
6653861
6659021
6664183
6669347
6674513
6679681
6684851
6690023
6695197
6700373
6705551
6710731
6715913
6721097
6726283
6731471
6736661
6741853
6747047
6752243
6757441
6762641
6767843
6773047
6778253
6783461
6788671
6793883
6799097
6804313
6809531
6814751
6819973
6825197
6830423
6835651
6840881
6846113
6851347
6856583
6861821
6867061
6872303
6877547
6882793
6888041
6893291
6898543
6903797
6909053
6914311
6919571
6924833
6930097
6935363
6940631
6945901
6951173
6956447
6961723
6967001
6972281
6977563
6982847
6988133
6993421
6998711
7004003
7009297
7014593
7019891
7025191
7030493
7035797
7041103
7046411
7051721
7057033
7062347
7067663
7072981
7078301
7083623
7088947
7094273
7099601
7104931
7110263
7115597
7120933
7126271
7131611
7136953
7142297
7147643
7152991
7158341
7163693
7169047
7174403
7179761
7185121
7190483
7195847
7201213
7206581
7211951
7217323
7222697
7228073
7233451
7238831
7244213
7249597
7254983
7260371
7265761
7271153
7276547
7281943
7287341
7292741
7298143
7303547
7308953
7314361
7319771
7325183
7330597
7336013
7341431
7346851
7352273
7357697
7363123
7368551
7373981
7379413
7384847
7390283
7395721
7401161
7406603
7412047
7417493
7422941
7428391
7433843
7439297
7444753
7450211
7455671
7461133
7466597
7472063
7477531
7483001
7488473
7493947
7499423
7504901
7510381
7515863
7521347
7526833
7532321
7537811
7543303
7548797
7554293
7559791
7565291
7570793
7576297
7581803
7587311
7592821
7598333
7603847
7609363
7614881
7620401
7625923
7631447
7636973
7642501
7648031
7653563
7659097
7664633
7670171
7675711
7681253
7686797
7692343
7697891
7703441
7708993
7714547
7720103
7725661
7731221
7736783
7742347
7747913
7753481
7759051
7764623
7770197
7775773
7781351
7786931
7792513
7798097
7803683
7809271
7814861
7820453
7826047
7831643
7837241
7842841
7848443
7854047
7859653
7865261
7870871
7876483
7882097
7887713
7893331
7898951
7904573
7910197
7915823
7921451
7927081
7932713
7938347
7943983
7949621
7955261
7960903
7966547
7972193
7977841
7983491
7989143
7994797
8000453
8006111
8011771
8017433
8023097
8028763
8034431
8040101
8045773
8051447
8057123
8062801
8068481
8074163
8079847
8085533
8091221
8096911
8102603
8108297
8113993
8119691
8125391
8131093
8136797
8142503
8148211
8153921
8159633
8165347
8171063
8176781
8182501
8188223
8193947
8199673
8205401
8211131
8216863
8222597
8228333
8234071
8239811
8245553
8251297
8257043
8262791
8268541
8274293
8280047
8285803
8291561
8297321
8303083
8308847
8314613
8320381
8326151
8331923
8337697
8343473
8349251
8355031
8360813
8366597
8372383
8378171
8383961
8389753
8395547
8401343
8407141
8412941
8418743
8424547
8430353
8436161
8441971
8447783
8453597
8459413
8465231
8471051
8476873
8482697
8488523
8494351
8500181
8506013
8511847
8517683
8523521
8529361
8535203
8541047
8546893
8552741
8558591
8564443
8570297
8576153
8582011
8587871
8593733
8599597
8605463
8611331
8617201
8623073
8628947
8634823
8640701
8646581
8652463
8658347
8664233
8670121
8676011
8681903
8687797
8693693
8699591
8705491
8711393
8717297
8723203
8729111
8735021
8740933
8746847
8752763
8758681
8764601
8770523
8776447
8782373
8788301
8794231
8800163
8806097
8812033
8817971
8823911
8829853
8835797
8841743
8847691
8853641
8859593
8865547
8871503
8877461
8883421
8889383
8895347
8901313
8907281
8913251
8919223
8925197
8931173
8937151
8943131
8949113
8955097
8961083
8967071
8973061
8979053
8985047
8991043
8997041
9003041
9009043
9015047
9021053
9027061
9033071
9039083
9045097
9051113
9057131
9063151
9069173
9075197
9081223
9087251
9093281
9099313
9105347
9111383
9117421
9123461
9129503
9135547
9141593
9147641
9153691
9159743
9165797
9171853
9177911
9183971
9190033
9196097
9202163
9208231
9214301
9220373
9226447
9232523
9238601
9244681
9250763
9256847
9262933
9269021
9275111
9281203
9287297
9293393
9299491
9305591
9311693
9317797
9323903
9330011
9336121
9342233
9348347
9354463
9360581
9366701
9372823
9378947
9385073
9391201
9397331
9403463
9409597
9415733
9421871
9428011
9434153
9440297
9446443
9452591
9458741
9464893
9471047
9477203
9483361
9489521
9495683
9501847
9508013
9514181
9520351
9526523
9532697
9538873
9545051
9551231
9557413
9563597
9569783
9575971
9582161
9588353
9594547
9600743
9606941
9613141
9619343
9625547
9631753
9637961
9644171
9650383
9656597
9662813
9669031
9675251
9681473
9687697
9693923
9700151
9706381
9712613
9718847
9725083
9731321
9737561
9743803
9750047
9756293
9762541
9768791
9775043
9781297
9787553
9793811
9800071
9806333
9812597
9818863
9825131
9831401
9837673
9843947
9850223
9856501
9862781
9869063
9875347
9881633
9887921
9894211
9900503
9906797
9913093
9919391
9925691
9931993
9938297
9944603
9950911
9957221
9963533
9969847
9976163
9982481
9988801
9995123
