41
43
47
53
61
71
83
97
113
131
151
173
197
223
251
281
313
347
383
421
461
503
547
593
641
691
743
797
853
911
971
1033
1097
1163
1231
1301
1373
1447
1523
1601
1681
1763
1847
1933
2021
2111
2203
2297
2393
2491
2591
2693
2797
2903
3011
3121
3233
3347
3463
3581
3701
3823
3947
4073
4201
4331
4463
4597
4733
4871
5011
5153
5297
5443
5591
5741
5893
6047
6203
6361
6521
6683
6847
7013
7181
7351
7523
7697
7873
8051
8231
8413
8597
8783
8971
9161
9353
9547
9743
9941
10141
10343
10547
10753
10961
11171
11383
11597
11813
12031
12251
12473
12697
12923
13151
13381
13613
13847
14083
14321
14561
14803
15047
15293
15541
15791
16043
16297
16553
16811
17071
17333
17597
17863
18131
18401
18673
18947
19223
19501
19781
20063
20347
20633
20921
21211
21503
21797
22093
22391
22691
22993
23297
23603
23911
24221
24533
24847
25163
25481
25801
26123
26447
26773
27101
27431
27763
28097
28433
28771
29111
29453
29797
30143
30491
30841
31193
31547
31903
32261
32621
32983
33347
33713
34081
34451
34823
35197
35573
35951
36331
36713
37097
37483
37871
38261
38653
39047
39443
39841
40241
40643
41047
41453
41861
42271
42683
43097
43513
43931
44351
44773
45197
45623
46051
46481
46913
47347
47783
48221
48661
49103
49547
49993
50441
50891
51343
51797
52253
52711
53171
53633
54097
54563
55031
55501
55973
56447
56923
57401
57881
58363
58847
59333
59821
60311
60803
61297
61793
62291
62791
63293
63797
64303
64811
65321
65833
66347
66863
67381
67901
68423
68947
69473
70001
70531
71063
71597
72133
72671
73211
73753
74297
74843
75391
75941
76493
77047
77603
78161
78721
79283
79847
80413
80981
81551
82123
82697
83273
83851
84431
85013
85597
86183
86771
87361
87953
88547
89143
89741
90341
90943
91547
92153
92761
93371
93983
94597
95213
95831
96451
97073
97697
98323
98951
99581
100213
100847
101483
102121
102761
103403
104047
104693
105341
105991
106643
107297
107953
108611
109271
109933
110597
111263
111931
112601
113273
113947
114623
115301
115981
116663
117347
118033
118721
119411
120103
120797
121493
122191
122891
123593
124297
125003
125711
126421
127133
127847
128563
129281
130001
130723
131447
132173
132901
133631
134363
135097
135833
136571
137311
138053
138797
139543
140291
141041
141793
142547
143303
144061
144821
145583
146347
147113
147881
148651
149423
150197
150973
151751
152531
153313
154097
154883
155671
156461
157253
158047
158843
159641
160441
161243
162047
162853
163661
164471
165283
166097
166913
167731
168551
169373
170197
171023
171851
172681
173513
174347
175183
176021
176861
177703
178547
179393
180241
181091
181943
182797
183653
184511
185371
186233
187097
187963
188831
189701
190573
191447
192323
193201
194081
194963
195847
196733
197621
198511
199403
200297
201193
202091
202991
203893
204797
205703
206611
207521
208433
209347
210263
211181
212101
213023
213947
214873
215801
216731
217663
218597
219533
220471
221411
222353
223297
224243
225191
226141
227093
228047
229003
229961
230921
231883
232847
233813
234781
235751
236723
237697
238673
239651
240631
241613
242597
243583
244571
245561
246553
247547
248543
249541
250541
251543
252547
253553
254561
255571
256583
257597
258613
259631
260651
261673
262697
263723
264751
265781
266813
267847
268883
269921
270961
272003
273047
274093
275141
276191
277243
278297
279353
280411
281471
282533
283597
284663
285731
286801
287873
288947
290023
291101
292181
293263
294347
295433
296521
297611
298703
299797
300893
301991
303091
304193
305297
306403
307511
308621
309733
310847
311963
313081
314201
315323
316447
317573
318701
319831
320963
322097
323233
324371
325511
326653
327797
328943
330091
331241
332393
333547
334703
335861
337021
338183
339347
340513
341681
342851
344023
345197
346373
347551
348731
349913
351097
352283
353471
354661
355853
357047
358243
359441
360641
361843
363047
364253
365461
366671
367883
369097
370313
371531
372751
373973
375197
376423
377651
378881
380113
381347
382583
383821
385061
386303
387547
388793
390041
391291
392543
393797
395053
396311
397571
398833
400097
401363
402631
403901
405173
406447
407723
409001
410281
411563
412847
414133
415421
416711
418003
419297
420593
421891
423191
424493
425797
427103
428411
429721
431033
432347
433663
434981
436301
437623
438947
440273
441601
442931
444263
445597
446933
448271
449611
450953
452297
453643
454991
456341
457693
459047
460403
461761
463121
464483
465847
467213
468581
469951
471323
472697
474073
475451
476831
478213
479597
480983
482371
483761
485153
486547
487943
489341
490741
492143
493547
494953
496361
497771
499183
500597
502013
503431
504851
506273
507697
509123
510551
511981
513413
514847
516283
517721
519161
520603
522047
523493
524941
526391
527843
529297
530753
532211
533671
535133
536597
538063
539531
541001
542473
543947
545423
546901
548381
549863
551347
552833
554321
555811
557303
558797
560293
561791
563291
564793
566297
567803
569311
570821
572333
573847
575363
576881
578401
579923
581447
582973
584501
586031
587563
589097
590633
592171
593711
595253
596797
598343
599891
601441
602993
604547
606103
607661
609221
610783
612347
613913
615481
617051
618623
620197
621773
623351
624931
626513
628097
629683
631271
632861
634453
636047
637643
639241
640841
642443
644047
645653
647261
648871
650483
652097
653713
655331
656951
658573
660197
661823
663451
665081
666713
668347
669983
671621
673261
674903
676547
678193
679841
681491
683143
684797
686453
688111
689771
691433
693097
694763
696431
698101
699773
701447
703123
704801
706481
708163
709847
711533
713221
714911
716603
718297
719993
721691
723391
725093
726797
728503
730211
731921
733633
735347
737063
738781
740501
742223
743947
745673
747401
749131
750863
752597
754333
756071
757811
759553
761297
763043
764791
766541
768293
770047
771803
773561
775321
777083
778847
780613
782381
784151
785923
787697
789473
791251
793031
794813
796597
798383
800171
801961
803753
805547
807343
809141
810941
812743
814547
816353
818161
819971
821783
823597
825413
827231
829051
830873
832697
834523
836351
838181
840013
841847
843683
845521
847361
849203
851047
852893
854741
856591
858443
860297
862153
864011
865871
867733
869597
871463
873331
875201
877073
878947
880823
882701
884581
886463
888347
890233
892121
894011
895903
897797
899693
901591
903491
905393
907297
909203
911111
913021
914933
916847
918763
920681
922601
924523
926447
928373
930301
932231
934163
936097
938033
939971
941911
943853
945797
947743
949691
951641
953593
955547
957503
959461
961421
963383
965347
967313
969281
971251
973223
975197
977173
979151
981131
983113
985097
987083
989071
991061
993053
995047
997043
999041
1001041
1003043
1005047
1007053
1009061
1011071
1013083
1015097
1017113
1019131
1021151
1023173
1025197
1027223
1029251
1031281
1033313
1035347
1037383
1039421
1041461
1043503
1045547
1047593
1049641
1051691
1053743
1055797
1057853
1059911
1061971
1064033
1066097
1068163
1070231
1072301
1074373
1076447
1078523
1080601
1082681
1084763
1086847
1088933
1091021
1093111
1095203
1097297
1099393
1101491
1103591
1105693
1107797
1109903
1112011
1114121
1116233
1118347
1120463
1122581
1124701
1126823
1128947
1131073
1133201
1135331
1137463
1139597
1141733
1143871
1146011
1148153
1150297
1152443
1154591
1156741
1158893
1161047
1163203
1165361
1167521
1169683
1171847
1174013
1176181
1178351
1180523
1182697
1184873
1187051
1189231
1191413
1193597
1195783
1197971
1200161
1202353
1204547
1206743
1208941
1211141
1213343
1215547
1217753
1219961
1222171
1224383
1226597
1228813
1231031
1233251
1235473
1237697
1239923
1242151
1244381
1246613
1248847
1251083
1253321
1255561
1257803
1260047
1262293
1264541
1266791
1269043
1271297
1273553
1275811
1278071
1280333
1282597
1284863
1287131
1289401
1291673
1293947
1296223
1298501
1300781
1303063
1305347
1307633
1309921
1312211
1314503
1316797
1319093
1321391
1323691
1325993
1328297
1330603
1332911
1335221
1337533
1339847
1342163
1344481
1346801
1349123
1351447
1353773
1356101
1358431
1360763
1363097
1365433
1367771
1370111
1372453
1374797
1377143
1379491
1381841
1384193
1386547
1388903
1391261
1393621
1395983
1398347
1400713
1403081
1405451
1407823
1410197
1412573
1414951
1417331
1419713
1422097
1424483
1426871
1429261
1431653
1434047
1436443
1438841
1441241
1443643
1446047
1448453
1450861
1453271
1455683
1458097
1460513
1462931
1465351
1467773
1470197
1472623
1475051
1477481
1479913
1482347
1484783
1487221
1489661
1492103
1494547
1496993
1499441
1501891
1504343
1506797
1509253
1511711
1514171
1516633
1519097
1521563
1524031
1526501
1528973
1531447
1533923
1536401
1538881
1541363
1543847
1546333
1548821
1551311
1553803
1556297
1558793
1561291
1563791
1566293
1568797
1571303
1573811
1576321
1578833
1581347
1583863
1586381
1588901
1591423
1593947
1596473
1599001
1601531
1604063
1606597
1609133
1611671
1614211
1616753
1619297
1621843
1624391
1626941
1629493
1632047
1634603
1637161
1639721
1642283
1644847
1647413
1649981
1652551
1655123
1657697
1660273
1662851
1665431
1668013
1670597
1673183
1675771
1678361
1680953
1683547
1686143
1688741
1691341
1693943
1696547
1699153
1701761
1704371
1706983
1709597
1712213
1714831
1717451
1720073
1722697
1725323
1727951
1730581
1733213
1735847
1738483
1741121
1743761
1746403
1749047
1751693
1754341
1756991
1759643
1762297
1764953
1767611
1770271
1772933
1775597
1778263
1780931
1783601
1786273
1788947
1791623
1794301
1796981
1799663
1802347
1805033
1807721
1810411
1813103
1815797
1818493
1821191
1823891
1826593
1829297
1832003
1834711
1837421
1840133
1842847
1845563
1848281
1851001
1853723
1856447
1859173
1861901
1864631
1867363
1870097
1872833
1875571
1878311
1881053
1883797
1886543
1889291
1892041
1894793
1897547
1900303
1903061
1905821
1908583
1911347
1914113
1916881
1919651
1922423
1925197
1927973
1930751
1933531
1936313
1939097
1941883
1944671
1947461
1950253
1953047
1955843
1958641
1961441
1964243
1967047
1969853
1972661
1975471
1978283
1981097
1983913
1986731
1989551
1992373
1995197
1998023
2000851
2003681
2006513
2009347
2012183
2015021
2017861
2020703
2023547
2026393
2029241
2032091
2034943
2037797
2040653
2043511
2046371
2049233
2052097
2054963
2057831
2060701
2063573
2066447
2069323
2072201
2075081
2077963
2080847
2083733
2086621
2089511
2092403
2095297
2098193
2101091
2103991
2106893
2109797
2112703
2115611
2118521
2121433
2124347
2127263
2130181
2133101
2136023
2138947
2141873
2144801
2147731
2150663
2153597
2156533
2159471
2162411
2165353
2168297
2171243
2174191
2177141
2180093
2183047
2186003
2188961
2191921
2194883
2197847
2200813
2203781
2206751
2209723
2212697
2215673
2218651
2221631
2224613
2227597
2230583
2233571
2236561
2239553
2242547
2245543
2248541
2251541
2254543
2257547
2260553
2263561
2266571
2269583
2272597
2275613
2278631
2281651
2284673
2287697
2290723
2293751
2296781
2299813
2302847
2305883
2308921
2311961
2315003
2318047
2321093
2324141
2327191
2330243
2333297
2336353
2339411
2342471
2345533
2348597
2351663
2354731
2357801
2360873
2363947
2367023
2370101
2373181
2376263
2379347
2382433
2385521
2388611
2391703
2394797
2397893
2400991
2404091
2407193
2410297
2413403
2416511
2419621
2422733
2425847
2428963
2432081
2435201
2438323
2441447
2444573
2447701
2450831
2453963
2457097
2460233
2463371
2466511
2469653
2472797
2475943
2479091
2482241
2485393
2488547
2491703
2494861
2498021
2501183
2504347
2507513
2510681
2513851
2517023
2520197
2523373
2526551
2529731
2532913
2536097
2539283
2542471
2545661
2548853
2552047
2555243
2558441
2561641
2564843
2568047
2571253
2574461
2577671
2580883
2584097
2587313
2590531
2593751
2596973
2600197
2603423
2606651
2609881
2613113
2616347
2619583
2622821
2626061
2629303
2632547
2635793
2639041
2642291
2645543
2648797
2652053
2655311
2658571
2661833
2665097
2668363
2671631
2674901
2678173
2681447
2684723
2688001
2691281
2694563
2697847
2701133
2704421
2707711
2711003
2714297
2717593
2720891
2724191
2727493
2730797
2734103
2737411
2740721
2744033
2747347
2750663
2753981
2757301
2760623
2763947
2767273
2770601
2773931
2777263
2780597
2783933
2787271
2790611
2793953
2797297
2800643
2803991
2807341
2810693
2814047
2817403
2820761
2824121
2827483
2830847
2834213
2837581
2840951
2844323
2847697
2851073
2854451
2857831
2861213
2864597
2867983
2871371
2874761
2878153
2881547
2884943
2888341
2891741
2895143
2898547
2901953
2905361
2908771
2912183
2915597
2919013
2922431
2925851
2929273
2932697
2936123
2939551
2942981
2946413
2949847
2953283
2956721
2960161
2963603
2967047
2970493
2973941
2977391
2980843
2984297
2987753
2991211
2994671
2998133
3001597
3005063
3008531
3012001
3015473
3018947
3022423
3025901
3029381
3032863
3036347
3039833
3043321
3046811
3050303
3053797
3057293
3060791
3064291
3067793
3071297
3074803
3078311
3081821
3085333
3088847
3092363
3095881
3099401
3102923
3106447
3109973
3113501
3117031
3120563
3124097
3127633
3131171
3134711
3138253
3141797
3145343
3148891
3152441
3155993
3159547
3163103
3166661
3170221
3173783
3177347
3180913
3184481
3188051
3191623
3195197
3198773
3202351
3205931
3209513
3213097
3216683
3220271
3223861
3227453
3231047
3234643
3238241
3241841
3245443
3249047
3252653
3256261
3259871
3263483
3267097
3270713
3274331
3277951
3281573
3285197
3288823
3292451
3296081
3299713
3303347
3306983
3310621
3314261
3317903
3321547
3325193
3328841
3332491
3336143
3339797
3343453
3347111
3350771
3354433
3358097
3361763
3365431
3369101
3372773
3376447
3380123
3383801
3387481
3391163
3394847
3398533
3402221
3405911
3409603
3413297
3416993
3420691
3424391
3428093
3431797
3435503
3439211
3442921
3446633
3450347
3454063
3457781
3461501
3465223
3468947
3472673
3476401
3480131
3483863
3487597
3491333
3495071
3498811
3502553
3506297
3510043
3513791
3517541
3521293
3525047
3528803
3532561
3536321
3540083
3543847
3547613
3551381
3555151
3558923
3562697
3566473
3570251
3574031
3577813
3581597
3585383
3589171
3592961
3596753
3600547
3604343
3608141
3611941
3615743
3619547
3623353
3627161
3630971
3634783
3638597
3642413
3646231
3650051
3653873
3657697
3661523
3665351
3669181
3673013
3676847
3680683
3684521
3688361
3692203
3696047
3699893
3703741
3707591
3711443
3715297
3719153
3723011
3726871
3730733
3734597
3738463
3742331
3746201
3750073
3753947
3757823
3761701
3765581
3769463
3773347
3777233
3781121
3785011
3788903
3792797
3796693
3800591
3804491
3808393
3812297
3816203
3820111
3824021
3827933
3831847
3835763
3839681
3843601
3847523
3851447
3855373
3859301
3863231
3867163
3871097
3875033
3878971
3882911
3886853
3890797
3894743
3898691
3902641
3906593
3910547
3914503
3918461
3922421
3926383
3930347
3934313
3938281
3942251
3946223
3950197
3954173
3958151
3962131
3966113
3970097
3974083
3978071
3982061
3986053
3990047
3994043
3998041
4002041
4006043
4010047
4014053
4018061
4022071
4026083
4030097
4034113
4038131
4042151
4046173
4050197
4054223
4058251
4062281
4066313
4070347
4074383
4078421
4082461
4086503
4090547
4094593
4098641
4102691
4106743
4110797
4114853
4118911
4122971
4127033
4131097
4135163
4139231
4143301
4147373
4151447
4155523
4159601
4163681
4167763
4171847
4175933
4180021
4184111
4188203
4192297
4196393
4200491
4204591
4208693
4212797
4216903
4221011
4225121
4229233
4233347
4237463
4241581
4245701
4249823
4253947
4258073
4262201
4266331
4270463
4274597
4278733
4282871
4287011
4291153
4295297
4299443
4303591
4307741
4311893
4316047
4320203
4324361
4328521
4332683
4336847
4341013
4345181
4349351
4353523
4357697
4361873
4366051
4370231
4374413
4378597
4382783
4386971
4391161
4395353
4399547
4403743
4407941
4412141
4416343
4420547
4424753
4428961
4433171
4437383
4441597
4445813
4450031
4454251
4458473
4462697
4466923
4471151
4475381
4479613
4483847
4488083
4492321
4496561
4500803
4505047
4509293
4513541
4517791
4522043
4526297
4530553
4534811
4539071
4543333
4547597
4551863
4556131
4560401
4564673
4568947
4573223
4577501
4581781
4586063
4590347
4594633
4598921
4603211
4607503
4611797
4616093
4620391
4624691
4628993
4633297
4637603
4641911
4646221
4650533
4654847
4659163
4663481
4667801
4672123
4676447
4680773
4685101
4689431
4693763
4698097
4702433
4706771
4711111
4715453
4719797
4724143
4728491
4732841
4737193
4741547
4745903
4750261
4754621
4758983
4763347
4767713
4772081
4776451
4780823
4785197
4789573
4793951
4798331
4802713
4807097
4811483
4815871
4820261
4824653
4829047
4833443
4837841
4842241
4846643
4851047
4855453
4859861
4864271
4868683
4873097
4877513
4881931
4886351
4890773
4895197
4899623
4904051
4908481
4912913
4917347
4921783
4926221
4930661
4935103
4939547
4943993
4948441
4952891
4957343
4961797
4966253
4970711
4975171
4979633
4984097
4988563
4993031
4997501
5001973
5006447
5010923
5015401
5019881
5024363
5028847
5033333
5037821
5042311
5046803
5051297
5055793
5060291
5064791
5069293
5073797
5078303
5082811
5087321
5091833
5096347
5100863
5105381
5109901
5114423
5118947
5123473
5128001
5132531
5137063
5141597
5146133
5150671
5155211
5159753
5164297
5168843
5173391
5177941
5182493
5187047
5191603
5196161
5200721
5205283
5209847
5214413
5218981
5223551
5228123
5232697
5237273
5241851
5246431
5251013
5255597
5260183
5264771
5269361
5273953
5278547
5283143
5287741
5292341
5296943
5301547
5306153
5310761
5315371
5319983
5324597
5329213
5333831
5338451
5343073
5347697
5352323
5356951
5361581
5366213
5370847
5375483
5380121
5384761
5389403
5394047
5398693
5403341
5407991
5412643
5417297
5421953
5426611
5431271
5435933
5440597
5445263
5449931
5454601
5459273
5463947
5468623
5473301
5477981
5482663
5487347
5492033
5496721
5501411
5506103
5510797
5515493
5520191
5524891
5529593
5534297
5539003
5543711
5548421
5553133
5557847
5562563
5567281
5572001
5576723
5581447
5586173
5590901
5595631
5600363
5605097
5609833
5614571
5619311
5624053
5628797
5633543
5638291
5643041
5647793
5652547
5657303
5662061
5666821
5671583
5676347
5681113
5685881
5690651
5695423
5700197
5704973
5709751
5714531
5719313
5724097
5728883
5733671
5738461
5743253
5748047
5752843
5757641
5762441
5767243
5772047
5776853
5781661
5786471
5791283
5796097
5800913
5805731
5810551
5815373
5820197
5825023
5829851
5834681
5839513
5844347
5849183
5854021
5858861
5863703
5868547
5873393
5878241
5883091
5887943
5892797
5897653
5902511
5907371
5912233
5917097
5921963
5926831
5931701
5936573
5941447
5946323
5951201
5956081
5960963
5965847
5970733
5975621
5980511
5985403
5990297
5995193
6000091
6004991
6009893
6014797
6019703
6024611
6029521
6034433
6039347
6044263
6049181
6054101
6059023
6063947
6068873
6073801
6078731
6083663
6088597
6093533
6098471
6103411
6108353
6113297
6118243
6123191
6128141
6133093
6138047
6143003
6147961
6152921
6157883
6162847
6167813
6172781
6177751
6182723
6187697
6192673
6197651
6202631
6207613
6212597
6217583
6222571
6227561
6232553
6237547
6242543
6247541
6252541
6257543
6262547
6267553
6272561
6277571
6282583
6287597
6292613
6297631
6302651
6307673
6312697
6317723
6322751
6327781
6332813
6337847
6342883
6347921
6352961
6358003
6363047
6368093
6373141
6378191
6383243
6388297
6393353
6398411
6403471
6408533
6413597
6418663
6423731
6428801
6433873
6438947
6444023
6449101
6454181
6459263
6464347
6469433
6474521
6479611
6484703
6489797
6494893
6499991
6505091
6510193
6515297
6520403
6525511
6530621
6535733
6540847
6545963
6551081
6556201
6561323
6566447
6571573
6576701
6581831
6586963
6592097
6597233
6602371
6607511
6612653
6617797
6622943
6628091
6633241
6638393
6643547
6648703
6653861
6659021
6664183
6669347
6674513
6679681
6684851
6690023
6695197
6700373
6705551
6710731
6715913
6721097
6726283
6731471
6736661
6741853
6747047
6752243
6757441
6762641
6767843
6773047
6778253
6783461
6788671
6793883
6799097
6804313
6809531
6814751
6819973
6825197
6830423
6835651
6840881
6846113
6851347
6856583
6861821
6867061
6872303
6877547
6882793
6888041
6893291
6898543
6903797
6909053
6914311
6919571
6924833
6930097
6935363
6940631
6945901
6951173
6956447
6961723
6967001
6972281
6977563
6982847
6988133
6993421
6998711
7004003
7009297
7014593
7019891
7025191
7030493
7035797
7041103
7046411
7051721
7057033
7062347
7067663
7072981
7078301
7083623
7088947
7094273
7099601
7104931
7110263
7115597
7120933
7126271
7131611
7136953
7142297
7147643
7152991
7158341
7163693
7169047
7174403
7179761
7185121
7190483
7195847
7201213
7206581
7211951
7217323
7222697
7228073
7233451
7238831
7244213
7249597
7254983
7260371
7265761
7271153
7276547
7281943
7287341
7292741
7298143
7303547
7308953
7314361
7319771
7325183
7330597
7336013
7341431
7346851
7352273
7357697
7363123
7368551
7373981
7379413
7384847
7390283
7395721
7401161
7406603
7412047
7417493
7422941
7428391
7433843
7439297
7444753
7450211
7455671
7461133
7466597
7472063
7477531
7483001
7488473
7493947
7499423
7504901
7510381
7515863
7521347
7526833
7532321
7537811
7543303
7548797
7554293
7559791
7565291
7570793
7576297
7581803
7587311
7592821
7598333
7603847
7609363
7614881
7620401
7625923
7631447
7636973
7642501
7648031
7653563
7659097
7664633
7670171
7675711
7681253
7686797
7692343
7697891
7703441
7708993
7714547
7720103
7725661
7731221
7736783
7742347
7747913
7753481
7759051
7764623
7770197
7775773
7781351
7786931
7792513
7798097
7803683
7809271
7814861
7820453
7826047
7831643
7837241
7842841
7848443
7854047
7859653
7865261
7870871
7876483
7882097
7887713
7893331
7898951
7904573
7910197
7915823
7921451
7927081
7932713
7938347
7943983
7949621
7955261
7960903
7966547
7972193
7977841
7983491
7989143
7994797
8000453
8006111
8011771
8017433
8023097
8028763
8034431
8040101
8045773
8051447
8057123
8062801
8068481
8074163
8079847
8085533
8091221
8096911
8102603
8108297
8113993
8119691
8125391
8131093
8136797
8142503
8148211
8153921
8159633
8165347
8171063
8176781
8182501
8188223
8193947
8199673
8205401
8211131
8216863
8222597
8228333
8234071
8239811
8245553
8251297
8257043
8262791
8268541
8274293
8280047
8285803
8291561
8297321
8303083
8308847
8314613
8320381
8326151
8331923
8337697
8343473
8349251
8355031
8360813
8366597
8372383
8378171
8383961
8389753
8395547
8401343
8407141
8412941
8418743
8424547
8430353
8436161
8441971
8447783
8453597
8459413
8465231
8471051
8476873
8482697
8488523
8494351
8500181
8506013
8511847
8517683
8523521
8529361
8535203
8541047
8546893
8552741
8558591
8564443
8570297
8576153
8582011
8587871
8593733
8599597
8605463
8611331
8617201
8623073
8628947
8634823
8640701
8646581
8652463
8658347
8664233
8670121
8676011
8681903
8687797
8693693
8699591
8705491
8711393
8717297
8723203
8729111
8735021
8740933
8746847
8752763
8758681
8764601
8770523
8776447
8782373
8788301
8794231
8800163
8806097
8812033
8817971
8823911
8829853
8835797
8841743
8847691
8853641
8859593
8865547
8871503
8877461
8883421
8889383
8895347
8901313
8907281
8913251
8919223
8925197
8931173
8937151
8943131
8949113
8955097
8961083
8967071
8973061
8979053
8985047
8991043
8997041
9003041
9009043
9015047
9021053
9027061
9033071
9039083
9045097
9051113
9057131
9063151
9069173
9075197
9081223
9087251
9093281
9099313
9105347
9111383
9117421
9123461
9129503
9135547
9141593
9147641
9153691
9159743
9165797
9171853
9177911
9183971
9190033
9196097
9202163
9208231
9214301
9220373
9226447
9232523
9238601
9244681
9250763
9256847
9262933
9269021
9275111
9281203
9287297
9293393
9299491
9305591
9311693
9317797
9323903
9330011
9336121
9342233
9348347
9354463
9360581
9366701
9372823
9378947
9385073
9391201
9397331
9403463
9409597
9415733
9421871
9428011
9434153
9440297
9446443
9452591
9458741
9464893
9471047
9477203
9483361
9489521
9495683
9501847
9508013
9514181
9520351
9526523
9532697
9538873
9545051
9551231
9557413
9563597
9569783
9575971
9582161
9588353
9594547
9600743
9606941
9613141
9619343
9625547
9631753
9637961
9644171
9650383
9656597
9662813
9669031
9675251
9681473
9687697
9693923
9700151
9706381
9712613
9718847
9725083
9731321
9737561
9743803
9750047
9756293
9762541
9768791
9775043
9781297
9787553
9793811
9800071
9806333
9812597
9818863
9825131
9831401
9837673
9843947
9850223
9856501
9862781
9869063
9875347
9881633
9887921
9894211
9900503
9906797
9913093
9919391
9925691
9931993
9938297
9944603
9950911
9957221
9963533
9969847
9976163
9982481
9988801
9995123
10001447
10007773
10014101
10020431
10026763
10033097
10039433
10045771
10052111
10058453
10064797
10071143
10077491
10083841
10090193
10096547
10102903
10109261
10115621
10121983
10128347
10134713
10141081
10147451
10153823
10160197
10166573
10172951
10179331
10185713
10192097
10198483
10204871
10211261
10217653
10224047
10230443
10236841
10243241
10249643
10256047
10262453
10268861
10275271
10281683
10288097
10294513
10300931
10307351
10313773
10320197
10326623
10333051
10339481
10345913
10352347
10358783
10365221
10371661
10378103
10384547
10390993
10397441
10403891
10410343
10416797
10423253
10429711
10436171
10442633
10449097
10455563
10462031
10468501
10474973
10481447
10487923
10494401
10500881
10507363
10513847
10520333
10526821
10533311
10539803
10546297
10552793
10559291
10565791
10572293
10578797
10585303
10591811
10598321
10604833
10611347
10617863
10624381
10630901
10637423
10643947
10650473
10657001
10663531
10670063
10676597
10683133
10689671
10696211
10702753
10709297
10715843
10722391
10728941
10735493
10742047
10748603
10755161
10761721
10768283
10774847
10781413
10787981
10794551
10801123
10807697
10814273
10820851
10827431
10834013
10840597
10847183
10853771
10860361
10866953
10873547
10880143
10886741
10893341
10899943
10906547
10913153
10919761
10926371
10932983
10939597
10946213
10952831
10959451
10966073
10972697
10979323
10985951
10992581
10999213
11005847
11012483
11019121
11025761
11032403
11039047
11045693
11052341
11058991
11065643
11072297
11078953
11085611
11092271
11098933
11105597
11112263
11118931
11125601
11132273
11138947
11145623
11152301
11158981
11165663
11172347
11179033
11185721
11192411
11199103
11205797
11212493
11219191
11225891
11232593
11239297
11246003
11252711
11259421
11266133
11272847
11279563
11286281
11293001
11299723
11306447
11313173
11319901
11326631
11333363
11340097
11346833
11353571
11360311
11367053
11373797
11380543
11387291
11394041
11400793
11407547
11414303
11421061
11427821
11434583
11441347
11448113
11454881
11461651
11468423
11475197
11481973
11488751
11495531
11502313
11509097
11515883
11522671
11529461
11536253
11543047
11549843
11556641
11563441
11570243
11577047
11583853
11590661
11597471
11604283
11611097
11617913
11624731
11631551
11638373
11645197
11652023
11658851
11665681
11672513
11679347
11686183
11693021
11699861
11706703
11713547
11720393
11727241
11734091
11740943
11747797
11754653
11761511
11768371
11775233
11782097
11788963
11795831
11802701
11809573
11816447
11823323
11830201
11837081
11843963
11850847
11857733
11864621
11871511
11878403
11885297
11892193
11899091
11905991
11912893
11919797
11926703
11933611
11940521
11947433
11954347
11961263
11968181
11975101
11982023
11988947
11995873
12002801
12009731
12016663
12023597
12030533
12037471
12044411
12051353
12058297
12065243
12072191
12079141
12086093
12093047
12100003
12106961
12113921
12120883
12127847
12134813
12141781
12148751
12155723
12162697
12169673
12176651
12183631
12190613
12197597
12204583
12211571
12218561
12225553
12232547
12239543
12246541
12253541
12260543
12267547
12274553
12281561
12288571
12295583
12302597
12309613
12316631
12323651
12330673
12337697
12344723
12351751
12358781
12365813
12372847
12379883
12386921
12393961
12401003
12408047
12415093
12422141
12429191
12436243
12443297
12450353
12457411
12464471
12471533
12478597
12485663
12492731
12499801
12506873
12513947
12521023
12528101
12535181
12542263
12549347
12556433
12563521
12570611
12577703
12584797
12591893
12598991
12606091
12613193
12620297
12627403
12634511
12641621
12648733
12655847
12662963
12670081
12677201
12684323
12691447
12698573
12705701
12712831
12719963
12727097
12734233
12741371
12748511
12755653
12762797
12769943
12777091
12784241
12791393
12798547
12805703
12812861
12820021
12827183
12834347
12841513
12848681
12855851
12863023
12870197
12877373
12884551
12891731
12898913
12906097
12913283
12920471
12927661
12934853
12942047
12949243
12956441
12963641
12970843
12978047
12985253
12992461
12999671
13006883
13014097
13021313
13028531
13035751
13042973
13050197
13057423
13064651
13071881
13079113
13086347
13093583
13100821
13108061
13115303
13122547
13129793
13137041
13144291
13151543
13158797
13166053
13173311
13180571
13187833
13195097
13202363
13209631
13216901
13224173
13231447
13238723
13246001
13253281
13260563
13267847
13275133
13282421
13289711
13297003
13304297
13311593
13318891
13326191
13333493
13340797
13348103
13355411
13362721
13370033
13377347
13384663
13391981
13399301
13406623
13413947
13421273
13428601
13435931
13443263
13450597
13457933
13465271
13472611
13479953
13487297
13494643
13501991
13509341
13516693
13524047
13531403
13538761
13546121
13553483
13560847
13568213
13575581
13582951
13590323
13597697
13605073
13612451
13619831
13627213
13634597
13641983
13649371
13656761
13664153
13671547
13678943
13686341
13693741
13701143
13708547
13715953
13723361
13730771
13738183
13745597
13753013
13760431
13767851
13775273
13782697
13790123
13797551
13804981
13812413
13819847
13827283
13834721
13842161
13849603
13857047
13864493
13871941
13879391
13886843
13894297
13901753
13909211
13916671
13924133
13931597
13939063
13946531
13954001
13961473
13968947
13976423
13983901
13991381
13998863
14006347
14013833
14021321
14028811
14036303
14043797
14051293
14058791
14066291
14073793
14081297
14088803
14096311
14103821
14111333
14118847
14126363
14133881
14141401
14148923
14156447
14163973
14171501
14179031
14186563
14194097
14201633
14209171
14216711
14224253
14231797
14239343
14246891
14254441
14261993
14269547
14277103
14284661
14292221
14299783
14307347
14314913
14322481
14330051
14337623
14345197
14352773
14360351
14367931
14375513
14383097
14390683
14398271
14405861
14413453
14421047
14428643
14436241
14443841
14451443
14459047
14466653
14474261
14481871
14489483
14497097
14504713
14512331
14519951
14527573
14535197
14542823
14550451
14558081
14565713
14573347
14580983
14588621
14596261
14603903
14611547
14619193
14626841
14634491
14642143
14649797
14657453
14665111
14672771
14680433
14688097
14695763
14703431
14711101
14718773
14726447
14734123
14741801
14749481
14757163
14764847
14772533
14780221
14787911
14795603
14803297
14810993
14818691
14826391
14834093
14841797
14849503
14857211
14864921
14872633
14880347
14888063
14895781
14903501
14911223
14918947
14926673
14934401
14942131
14949863
14957597
14965333
14973071
14980811
14988553
14996297
15004043
15011791
15019541
15027293
15035047
15042803
15050561
15058321
15066083
15073847
15081613
15089381
15097151
15104923
15112697
15120473
15128251
15136031
15143813
15151597
15159383
15167171
15174961
15182753
15190547
15198343
15206141
15213941
15221743
15229547
15237353
15245161
15252971
15260783
15268597
15276413
15284231
15292051
15299873
15307697
15315523
15323351
15331181
15339013
15346847
15354683
15362521
15370361
15378203
15386047
15393893
15401741
15409591
15417443
15425297
15433153
15441011
15448871
15456733
15464597
15472463
15480331
15488201
15496073
15503947
15511823
15519701
15527581
15535463
15543347
15551233
15559121
15567011
15574903
15582797
15590693
15598591
15606491
15614393
15622297
15630203
15638111
15646021
15653933
15661847
15669763
15677681
15685601
15693523
15701447
15709373
15717301
15725231
15733163
15741097
15749033
15756971
15764911
15772853
15780797
15788743
15796691
15804641
15812593
15820547
15828503
15836461
15844421
15852383
15860347
15868313
15876281
15884251
15892223
15900197
15908173
15916151
15924131
15932113
15940097
15948083
15956071
15964061
15972053
15980047
15988043
15996041
16004041
16012043
16020047
16028053
16036061
16044071
16052083
16060097
16068113
16076131
16084151
16092173
16100197
16108223
16116251
16124281
16132313
16140347
16148383
16156421
16164461
16172503
16180547
16188593
16196641
16204691
16212743
16220797
16228853
16236911
16244971
16253033
16261097
16269163
16277231
16285301
16293373
16301447
16309523
16317601
16325681
16333763
16341847
16349933
16358021
16366111
16374203
16382297
16390393
16398491
16406591
16414693
16422797
16430903
16439011
16447121
16455233
16463347
16471463
16479581
16487701
16495823
16503947
16512073
16520201
16528331
16536463
16544597
16552733
16560871
16569011
16577153
16585297
16593443
16601591
16609741
16617893
16626047
16634203
16642361
16650521
16658683
16666847
16675013
16683181
16691351
16699523
16707697
16715873
16724051
16732231
16740413
16748597
16756783
16764971
16773161
16781353
16789547
16797743
16805941
16814141
16822343
16830547
16838753
16846961
16855171
16863383
16871597
16879813
16888031
16896251
16904473
16912697
16920923
16929151
16937381
16945613
16953847
16962083
16970321
16978561
16986803
16995047
17003293
17011541
17019791
17028043
17036297
17044553
17052811
17061071
17069333
17077597
17085863
17094131
17102401
17110673
17118947
17127223
17135501
17143781
17152063
17160347
17168633
17176921
17185211
17193503
17201797
17210093
17218391
17226691
17234993
17243297
17251603
17259911
17268221
17276533
17284847
17293163
17301481
17309801
17318123
17326447
17334773
17343101
17351431
17359763
17368097
17376433
17384771
17393111
17401453
17409797
17418143
17426491
17434841
17443193
17451547
17459903
17468261
17476621
17484983
17493347
17501713
17510081
17518451
17526823
17535197
17543573
17551951
17560331
17568713
17577097
17585483
17593871
17602261
17610653
17619047
17627443
17635841
17644241
17652643
17661047
17669453
17677861
17686271
17694683
17703097
17711513
17719931
17728351
17736773
17745197
17753623
17762051
17770481
17778913
17787347
17795783
17804221
17812661
17821103
17829547
17837993
17846441
17854891
17863343
17871797
17880253
17888711
17897171
17905633
17914097
17922563
17931031
17939501
17947973
17956447
17964923
17973401
17981881
17990363
17998847
18007333
18015821
18024311
18032803
18041297
18049793
18058291
18066791
18075293
18083797
18092303
18100811
18109321
18117833
18126347
18134863
18143381
18151901
18160423
18168947
18177473
18186001
18194531
18203063
18211597
18220133
18228671
18237211
18245753
18254297
18262843
18271391
18279941
18288493
18297047
18305603
18314161
18322721
18331283
18339847
18348413
18356981
18365551
18374123
18382697
18391273
18399851
18408431
18417013
18425597
18434183
18442771
18451361
18459953
18468547
18477143
18485741
18494341
18502943
18511547
18520153
18528761
18537371
18545983
18554597
18563213
18571831
18580451
18589073
18597697
18606323
18614951
18623581
18632213
18640847
18649483
18658121
18666761
18675403
18684047
18692693
18701341
18709991
18718643
18727297
18735953
18744611
18753271
18761933
18770597
18779263
18787931
18796601
18805273
18813947
18822623
18831301
18839981
18848663
18857347
18866033
18874721
18883411
18892103
18900797
18909493
18918191
18926891
18935593
18944297
18953003
18961711
18970421
18979133
18987847
18996563
19005281
19014001
19022723
19031447
19040173
19048901
19057631
19066363
19075097
19083833
19092571
19101311
19110053
19118797
19127543
19136291
19145041
19153793
19162547
19171303
19180061
19188821
19197583
19206347
19215113
19223881
19232651
19241423
19250197
19258973
19267751
19276531
19285313
19294097
19302883
19311671
19320461
19329253
19338047
19346843
19355641
19364441
19373243
19382047
19390853
19399661
19408471
19417283
19426097
19434913
19443731
19452551
19461373
19470197
19479023
19487851
19496681
19505513
19514347
19523183
19532021
19540861
19549703
19558547
19567393
19576241
19585091
19593943
19602797
19611653
19620511
19629371
19638233
19647097
19655963
19664831
19673701
19682573
19691447
19700323
19709201
19718081
19726963
19735847
19744733
19753621
19762511
19771403
19780297
19789193
19798091
19806991
19815893
19824797
19833703
19842611
19851521
19860433
19869347
19878263
19887181
19896101
19905023
19913947
19922873
19931801
19940731
19949663
19958597
19967533
19976471
19985411
19994353
20003297
20012243
20021191
20030141
20039093
20048047
20057003
20065961
20074921
20083883
20092847
20101813
20110781
20119751
20128723
20137697
20146673
20155651
20164631
20173613
20182597
20191583
20200571
20209561
20218553
20227547
20236543
20245541
20254541
20263543
20272547
20281553
20290561
20299571
20308583
20317597
20326613
20335631
20344651
20353673
20362697
20371723
20380751
20389781
20398813
20407847
20416883
20425921
20434961
20444003
20453047
20462093
20471141
20480191
20489243
20498297
20507353
20516411
20525471
20534533
20543597
20552663
20561731
20570801
20579873
20588947
20598023
20607101
20616181
20625263
20634347
20643433
20652521
20661611
20670703
20679797
20688893
20697991
20707091
20716193
20725297
20734403
20743511
20752621
20761733
20770847
20779963
20789081
20798201
20807323
20816447
20825573
20834701
20843831
20852963
20862097
20871233
20880371
20889511
20898653
20907797
20916943
20926091
20935241
20944393
20953547
20962703
20971861
20981021
20990183
20999347
21008513
21017681
21026851
21036023
21045197
21054373
21063551
21072731
21081913
21091097
21100283
21109471
21118661
21127853
21137047
21146243
21155441
21164641
21173843
21183047
21192253
21201461
21210671
21219883
21229097
21238313
21247531
21256751
21265973
21275197
21284423
21293651
21302881
21312113
21321347
21330583
21339821
21349061
21358303
21367547
21376793
21386041
21395291
21404543
21413797
21423053
21432311
21441571
21450833
21460097
21469363
21478631
21487901
21497173
21506447
21515723
21525001
21534281
21543563
21552847
21562133
21571421
21580711
21590003
21599297
21608593
21617891
21627191
21636493
21645797
21655103
21664411
21673721
21683033
21692347
21701663
21710981
21720301
21729623
21738947
21748273
21757601
21766931
21776263
21785597
21794933
21804271
21813611
21822953
21832297
21841643
21850991
21860341
21869693
21879047
21888403
21897761
21907121
21916483
21925847
21935213
21944581
21953951
21963323
21972697
21982073
21991451
22000831
22010213
22019597
22028983
22038371
22047761
22057153
22066547
22075943
22085341
22094741
22104143
22113547
22122953
22132361
22141771
22151183
22160597
22170013
22179431
22188851
22198273
22207697
22217123
22226551
22235981
22245413
22254847
22264283
22273721
22283161
22292603
22302047
22311493
22320941
22330391
22339843
22349297
22358753
22368211
22377671
22387133
22396597
22406063
22415531
22425001
22434473
22443947
22453423
22462901
22472381
22481863
22491347
22500833
22510321
22519811
22529303
22538797
22548293
22557791
22567291
22576793
22586297
22595803
22605311
22614821
22624333
22633847
22643363
22652881
22662401
22671923
22681447
22690973
22700501
22710031
22719563
22729097
22738633
22748171
22757711
22767253
22776797
22786343
22795891
22805441
22814993
22824547
22834103
22843661
22853221
22862783
22872347
22881913
22891481
22901051
22910623
22920197
22929773
22939351
22948931
22958513
22968097
22977683
22987271
22996861
23006453
23016047
23025643
23035241
23044841
23054443
23064047
23073653
23083261
23092871
23102483
23112097
23121713
23131331
23140951
23150573
23160197
23169823
23179451
23189081
23198713
23208347
23217983
23227621
23237261
23246903
23256547
23266193
23275841
23285491
23295143
23304797
23314453
23324111
23333771
23343433
23353097
23362763
23372431
23382101
23391773
23401447
23411123
23420801
23430481
23440163
23449847
23459533
23469221
23478911
23488603
23498297
23507993
23517691
23527391
23537093
23546797
23556503
23566211
23575921
23585633
23595347
23605063
23614781
23624501
23634223
23643947
23653673
23663401
23673131
23682863
23692597
23702333
23712071
23721811
23731553
23741297
23751043
23760791
23770541
23780293
23790047
23799803
23809561
23819321
23829083
23838847
23848613
23858381
23868151
23877923
23887697
23897473
23907251
23917031
23926813
23936597
23946383
23956171
23965961
23975753
23985547
23995343
24005141
24014941
24024743
24034547
24044353
24054161
24063971
24073783
24083597
24093413
24103231
24113051
24122873
24132697
24142523
24152351
24162181
24172013
24181847
24191683
24201521
24211361
24221203
24231047
24240893
24250741
24260591
24270443
24280297
24290153
24300011
24309871
24319733
24329597
24339463
24349331
24359201
24369073
24378947
24388823
24398701
24408581
24418463
24428347
24438233
24448121
24458011
24467903
24477797
24487693
24497591
24507491
24517393
24527297
24537203
24547111
24557021
24566933
24576847
24586763
24596681
24606601
24616523
24626447
24636373
24646301
24656231
24666163
24676097
24686033
24695971
24705911
24715853
24725797
24735743
24745691
24755641
24765593
24775547
24785503
24795461
24805421
24815383
24825347
24835313
24845281
24855251
24865223
24875197
24885173
24895151
24905131
24915113
24925097
24935083
24945071
24955061
24965053
24975047
24985043
24995041
25005041
25015043
25025047
25035053
25045061
25055071
25065083
25075097
25085113
25095131
25105151
25115173
25125197
25135223
25145251
25155281
25165313
25175347
25185383
25195421
25205461
25215503
25225547
25235593
25245641
25255691
25265743
25275797
25285853
25295911
25305971
25316033
25326097
25336163
25346231
25356301
25366373
25376447
25386523
25396601
25406681
25416763
25426847
25436933
25447021
25457111
25467203
25477297
25487393
25497491
25507591
25517693
25527797
25537903
25548011
25558121
25568233
25578347
25588463
25598581
25608701
25618823
25628947
25639073
25649201
25659331
25669463
25679597
25689733
25699871
25710011
25720153
25730297
25740443
25750591
25760741
25770893
25781047
25791203
25801361
25811521
25821683
25831847
25842013
25852181
25862351
25872523
25882697
25892873
25903051
25913231
25923413
25933597
25943783
25953971
25964161
25974353
25984547
25994743
26004941
26015141
26025343
26035547
26045753
26055961
26066171
26076383
26086597
26096813
26107031
26117251
26127473
26137697
26147923
26158151
26168381
26178613
26188847
26199083
26209321
26219561
26229803
26240047
26250293
26260541
26270791
26281043
26291297
26301553
26311811
26322071
26332333
26342597
26352863
26363131
26373401
26383673
26393947
26404223
26414501
26424781
26435063
26445347
26455633
26465921
26476211
26486503
26496797
26507093
26517391
26527691
26537993
26548297
26558603
26568911
26579221
26589533
26599847
26610163
26620481
26630801
26641123
26651447
26661773
26672101
26682431
26692763
26703097
26713433
26723771
26734111
26744453
26754797
26765143
26775491
26785841
26796193
26806547
26816903
26827261
26837621
26847983
26858347
26868713
26879081
26889451
26899823
26910197
26920573
26930951
26941331
26951713
26962097
26972483
26982871
26993261
27003653
27014047
27024443
27034841
27045241
27055643
27066047
27076453
27086861
27097271
27107683
27118097
27128513
27138931
27149351
27159773
27170197
27180623
27191051
27201481
27211913
27222347
27232783
27243221
27253661
27264103
27274547
27284993
27295441
27305891
27316343
27326797
27337253
27347711
27358171
27368633
27379097
27389563
27400031
27410501
27420973
27431447
27441923
27452401
27462881
27473363
27483847
27494333
27504821
27515311
27525803
27536297
27546793
27557291
27567791
27578293
27588797
27599303
27609811
27620321
27630833
27641347
27651863
27662381
27672901
27683423
27693947
27704473
27715001
27725531
27736063
27746597
27757133
27767671
27778211
27788753
27799297
27809843
27820391
27830941
27841493
27852047
27862603
27873161
27883721
27894283
27904847
27915413
27925981
27936551
27947123
27957697
27968273
27978851
27989431
28000013
28010597
28021183
28031771
28042361
28052953
28063547
28074143
28084741
28095341
28105943
28116547
28127153
28137761
28148371
28158983
28169597
28180213
28190831
28201451
28212073
28222697
28233323
28243951
28254581
28265213
28275847
28286483
28297121
28307761
28318403
28329047
28339693
28350341
28360991
28371643
28382297
28392953
28403611
28414271
28424933
28435597
28446263
28456931
28467601
28478273
28488947
28499623
28510301
28520981
28531663
28542347
28553033
28563721
28574411
28585103
28595797
28606493
28617191
28627891
28638593
28649297
28660003
28670711
28681421
28692133
28702847
28713563
28724281
28735001
28745723
28756447
28767173
28777901
28788631
28799363
28810097
28820833
28831571
28842311
28853053
28863797
28874543
28885291
28896041
28906793
28917547
28928303
28939061
28949821
28960583
28971347
28982113
28992881
29003651
29014423
29025197
29035973
29046751
29057531
29068313
29079097
29089883
29100671
29111461
29122253
29133047
29143843
29154641
29165441
29176243
29187047
29197853
29208661
29219471
29230283
29241097
29251913
29262731
29273551
29284373
29295197
29306023
29316851
29327681
29338513
29349347
29360183
29371021
29381861
29392703
29403547
29414393
29425241
29436091
29446943
29457797
29468653
29479511
29490371
29501233
29512097
29522963
29533831
29544701
29555573
29566447
29577323
29588201
29599081
29609963
29620847
29631733
29642621
29653511
29664403
29675297
29686193
29697091
29707991
29718893
29729797
29740703
29751611
29762521
29773433
29784347
29795263
29806181
29817101
29828023
29838947
29849873
29860801
29871731
29882663
29893597
29904533
29915471
29926411
29937353
29948297
29959243
29970191
29981141
29992093
30003047
30014003
30024961
30035921
30046883
30057847
30068813
30079781
30090751
30101723
30112697
30123673
30134651
30145631
30156613
30167597
30178583
30189571
30200561
30211553
30222547
30233543
30244541
30255541
30266543
30277547
30288553
30299561
30310571
30321583
30332597
30343613
30354631
30365651
30376673
30387697
30398723
30409751
30420781
30431813
30442847
30453883
30464921
30475961
30487003
30498047
30509093
30520141
30531191
30542243
30553297
30564353
30575411
30586471
30597533
30608597
30619663
30630731
30641801
30652873
30663947
30675023
30686101
30697181
30708263
30719347
30730433
30741521
30752611
30763703
30774797
30785893
30796991
30808091
30819193
30830297
30841403
30852511
30863621
30874733
30885847
30896963
30908081
30919201
30930323
30941447
30952573
30963701
30974831
30985963
30997097
31008233
31019371
31030511
31041653
31052797
31063943
31075091
31086241
31097393
31108547
31119703
31130861
31142021
31153183
31164347
31175513
31186681
31197851
31209023
31220197
31231373
31242551
31253731
31264913
31276097
31287283
31298471
31309661
31320853
31332047
31343243
31354441
31365641
31376843
31388047
31399253
31410461
31421671
31432883
31444097
31455313
31466531
31477751
31488973
31500197
31511423
31522651
31533881
31545113
31556347
31567583
31578821
31590061
31601303
31612547
31623793
31635041
31646291
31657543
31668797
31680053
31691311
31702571
31713833
31725097
31736363
31747631
31758901
31770173
31781447
31792723
31804001
31815281
31826563
31837847
31849133
31860421
31871711
31883003
31894297
31905593
31916891
31928191
31939493
31950797
31962103
31973411
31984721
31996033
32007347
32018663
32029981
32041301
32052623
32063947
32075273
32086601
32097931
32109263
32120597
32131933
32143271
32154611
32165953
32177297
32188643
32199991
32211341
32222693
32234047
32245403
32256761
32268121
32279483
32290847
32302213
32313581
32324951
32336323
32347697
32359073
32370451
32381831
32393213
32404597
32415983
32427371
32438761
32450153
32461547
32472943
32484341
32495741
32507143
32518547
32529953
32541361
32552771
32564183
32575597
32587013
32598431
32609851
32621273
32632697
32644123
32655551
32666981
32678413
32689847
32701283
32712721
32724161
32735603
32747047
32758493
32769941
32781391
32792843
32804297
32815753
32827211
32838671
32850133
32861597
32873063
32884531
32896001
32907473
32918947
32930423
32941901
32953381
32964863
32976347
32987833
32999321
33010811
33022303
33033797
33045293
33056791
33068291
33079793
33091297
33102803
33114311
33125821
33137333
33148847
33160363
33171881
33183401
33194923
33206447
33217973
33229501
33241031
33252563
33264097
33275633
33287171
33298711
33310253
33321797
33333343
33344891
33356441
33367993
33379547
33391103
33402661
33414221
33425783
33437347
33448913
33460481
33472051
33483623
33495197
33506773
33518351
33529931
33541513
33553097
33564683
33576271
33587861
33599453
33611047
33622643
33634241
33645841
33657443
33669047
33680653
33692261
33703871
33715483
33727097
33738713
33750331
33761951
33773573
33785197
33796823
33808451
33820081
33831713
33843347
33854983
33866621
33878261
33889903
33901547
33913193
33924841
33936491
33948143
33959797
33971453
33983111
33994771
34006433
34018097
34029763
34041431
34053101
34064773
34076447
34088123
34099801
34111481
34123163
34134847
34146533
34158221
34169911
34181603
34193297
34204993
34216691
34228391
34240093
34251797
34263503
34275211
34286921
34298633
34310347
34322063
34333781
34345501
34357223
34368947
34380673
34392401
34404131
34415863
34427597
34439333
34451071
34462811
34474553
34486297
34498043
34509791
34521541
34533293
34545047
34556803
34568561
34580321
34592083
34603847
34615613
34627381
34639151
34650923
34662697
34674473
34686251
34698031
34709813
34721597
34733383
34745171
34756961
34768753
34780547
34792343
34804141
34815941
34827743
34839547
34851353
34863161
34874971
34886783
34898597
34910413
34922231
34934051
34945873
34957697
34969523
34981351
34993181
35005013
35016847
35028683
35040521
35052361
35064203
35076047
35087893
35099741
35111591
35123443
35135297
35147153
35159011
35170871
35182733
35194597
35206463
35218331
35230201
35242073
35253947
35265823
35277701
35289581
35301463
35313347
35325233
35337121
35349011
35360903
35372797
35384693
35396591
35408491
35420393
35432297
35444203
35456111
35468021
35479933
35491847
35503763
35515681
35527601
35539523
35551447
35563373
35575301
35587231
35599163
35611097
35623033
35634971
35646911
35658853
35670797
35682743
35694691
35706641
35718593
35730547
35742503
35754461
35766421
35778383
35790347
35802313
35814281
35826251
35838223
35850197
35862173
35874151
35886131
35898113
35910097
35922083
35934071
35946061
35958053
35970047
35982043
35994041
36006041
36018043
36030047
36042053
36054061
36066071
36078083
36090097
36102113
36114131
36126151
36138173
36150197
36162223
36174251
36186281
36198313
36210347
36222383
36234421
36246461
36258503
36270547
36282593
36294641
36306691
36318743
36330797
36342853
36354911
36366971
36379033
36391097
36403163
36415231
36427301
36439373
36451447
36463523
36475601
36487681
36499763
36511847
36523933
36536021
36548111
36560203
36572297
36584393
36596491
36608591
36620693
36632797
36644903
36657011
36669121
36681233
36693347
36705463
36717581
36729701
36741823
36753947
36766073
36778201
36790331
36802463
36814597
36826733
36838871
36851011
36863153
36875297
36887443
36899591
36911741
36923893
36936047
36948203
36960361
36972521
36984683
36996847
37009013
37021181
37033351
37045523
37057697
37069873
37082051
37094231
37106413
37118597
37130783
37142971
37155161
37167353
37179547
37191743
37203941
37216141
37228343
37240547
37252753
37264961
37277171
37289383
37301597
37313813
37326031
37338251
37350473
37362697
37374923
37387151
37399381
37411613
37423847
37436083
37448321
37460561
37472803
37485047
37497293
37509541
37521791
37534043
37546297
37558553
37570811
37583071
37595333
37607597
37619863
37632131
37644401
37656673
37668947
37681223
37693501
37705781
37718063
37730347
37742633
37754921
37767211
37779503
37791797
37804093
37816391
37828691
37840993
37853297
37865603
37877911
37890221
37902533
37914847
37927163
37939481
37951801
37964123
37976447
37988773
38001101
38013431
38025763
38038097
38050433
38062771
38075111
38087453
38099797
38112143
38124491
38136841
38149193
38161547
38173903
38186261
38198621
38210983
38223347
38235713
38248081
38260451
38272823
38285197
38297573
38309951
38322331
38334713
38347097
38359483
38371871
38384261
38396653
38409047
38421443
38433841
38446241
38458643
38471047
38483453
38495861
38508271
38520683
38533097
38545513
38557931
38570351
38582773
38595197
38607623
38620051
38632481
38644913
38657347
38669783
38682221
38694661
38707103
38719547
38731993
38744441
38756891
38769343
38781797
38794253
38806711
38819171
38831633
38844097
38856563
38869031
38881501
38893973
38906447
38918923
38931401
38943881
38956363
38968847
38981333
38993821
39006311
39018803
39031297
39043793
39056291
39068791
39081293
39093797
39106303
39118811
39131321
39143833
39156347
39168863
39181381
39193901
39206423
39218947
39231473
39244001
39256531
39269063
39281597
39294133
39306671
39319211
39331753
39344297
39356843
39369391
39381941
39394493
39407047
39419603
39432161
39444721
39457283
39469847
39482413
39494981
39507551
39520123
39532697
39545273
39557851
39570431
39583013
39595597
39608183
39620771
39633361
39645953
39658547
39671143
39683741
39696341
39708943
39721547
39734153
39746761
39759371
39771983
39784597
39797213
39809831
39822451
39835073
39847697
39860323
39872951
39885581
39898213
39910847
39923483
39936121
39948761
39961403
39974047
39986693
39999341
40011991
40024643
40037297
40049953
40062611
40075271
40087933
40100597
40113263
40125931
40138601
40151273
40163947
40176623
40189301
40201981
40214663
40227347
40240033
40252721
40265411
40278103
40290797
40303493
40316191
40328891
40341593
40354297
40367003
40379711
40392421
40405133
40417847
40430563
40443281
40456001
40468723
40481447
40494173
40506901
40519631
40532363
40545097
40557833
40570571
40583311
40596053
40608797
40621543
40634291
40647041
40659793
40672547
40685303
40698061
40710821
40723583
40736347
40749113
40761881
40774651
40787423
40800197
40812973
40825751
40838531
40851313
40864097
40876883
40889671
40902461
40915253
40928047
40940843
40953641
40966441
40979243
40992047
41004853
41017661
41030471
41043283
41056097
41068913
41081731
41094551
41107373
41120197
41133023
41145851
41158681
41171513
41184347
41197183
41210021
41222861
41235703
41248547
41261393
41274241
41287091
41299943
41312797
41325653
41338511
41351371
41364233
41377097
41389963
41402831
41415701
41428573
41441447
41454323
41467201
41480081
41492963
41505847
41518733
41531621
41544511
41557403
41570297
41583193
41596091
41608991
41621893
41634797
41647703
41660611
41673521
41686433
41699347
41712263
41725181
41738101
41751023
41763947
41776873
41789801
41802731
41815663
41828597
41841533
41854471
41867411
41880353
41893297
41906243
41919191
41932141
41945093
41958047
41971003
41983961
41996921
42009883
42022847
42035813
42048781
42061751
42074723
42087697
42100673
42113651
42126631
42139613
42152597
42165583
42178571
42191561
42204553
42217547
42230543
42243541
42256541
42269543
42282547
42295553
42308561
42321571
42334583
42347597
42360613
42373631
42386651
42399673
42412697
42425723
42438751
42451781
42464813
42477847
42490883
42503921
42516961
42530003
42543047
42556093
42569141
42582191
42595243
42608297
42621353
42634411
42647471
42660533
42673597
42686663
42699731
42712801
42725873
42738947
42752023
42765101
42778181
42791263
42804347
42817433
42830521
42843611
42856703
42869797
42882893
42895991
42909091
42922193
42935297
42948403
42961511
42974621
42987733
43000847
43013963
43027081
43040201
43053323
43066447
43079573
43092701
43105831
43118963
43132097
43145233
43158371
43171511
43184653
43197797
43210943
43224091
43237241
43250393
43263547
43276703
43289861
43303021
43316183
43329347
43342513
43355681
43368851
43382023
43395197
43408373
43421551
43434731
43447913
43461097
43474283
43487471
43500661
43513853
43527047
43540243
43553441
43566641
43579843
43593047
43606253
43619461
43632671
43645883
43659097
43672313
43685531
43698751
43711973
43725197
43738423
43751651
43764881
43778113
43791347
43804583
43817821
43831061
43844303
43857547
43870793
43884041
43897291
43910543
43923797
43937053
43950311
43963571
43976833
43990097
44003363
44016631
44029901
44043173
44056447
44069723
44083001
44096281
44109563
44122847
44136133
44149421
44162711
44176003
44189297
44202593
44215891
44229191
44242493
44255797
44269103
44282411
44295721
44309033
44322347
44335663
44348981
44362301
44375623
44388947
44402273
44415601
44428931
44442263
44455597
44468933
44482271
44495611
44508953
44522297
44535643
44548991
44562341
44575693
44589047
44602403
44615761
44629121
44642483
44655847
44669213
44682581
44695951
44709323
44722697
44736073
44749451
44762831
44776213
44789597
44802983
44816371
44829761
44843153
44856547
44869943
44883341
44896741
44910143
44923547
44936953
44950361
44963771
44977183
44990597
45004013
45017431
45030851
45044273
45057697
45071123
45084551
45097981
45111413
45124847
45138283
45151721
45165161
45178603
45192047
45205493
45218941
45232391
45245843
45259297
45272753
45286211
45299671
45313133
45326597
45340063
45353531
45367001
45380473
45393947
45407423
45420901
45434381
45447863
45461347
45474833
45488321
45501811
45515303
45528797
45542293
45555791
45569291
45582793
45596297
45609803
45623311
45636821
45650333
45663847
45677363
45690881
45704401
45717923
45731447
45744973
45758501
45772031
45785563
45799097
45812633
45826171
45839711
45853253
45866797
45880343
45893891
45907441
45920993
45934547
45948103
45961661
45975221
45988783
46002347
46015913
46029481
46043051
46056623
46070197
46083773
46097351
46110931
46124513
46138097
46151683
46165271
46178861
46192453
46206047
46219643
46233241
46246841
46260443
46274047
46287653
46301261
46314871
46328483
46342097
46355713
46369331
46382951
46396573
46410197
46423823
46437451
46451081
46464713
46478347
46491983
46505621
46519261
46532903
46546547
46560193
46573841
46587491
46601143
46614797
46628453
46642111
46655771
46669433
46683097
46696763
46710431
46724101
46737773
46751447
46765123
46778801
46792481
46806163
46819847
46833533
46847221
46860911
46874603
46888297
46901993
46915691
46929391
46943093
46956797
46970503
46984211
46997921
47011633
47025347
47039063
47052781
47066501
47080223
47093947
47107673
47121401
47135131
47148863
47162597
47176333
47190071
47203811
47217553
47231297
47245043
47258791
47272541
47286293
47300047
47313803
47327561
47341321
47355083
47368847
47382613
47396381
47410151
47423923
47437697
47451473
47465251
47479031
47492813
47506597
47520383
47534171
47547961
47561753
47575547
47589343
47603141
47616941
47630743
47644547
47658353
47672161
47685971
47699783
47713597
47727413
47741231
47755051
47768873
47782697
47796523
47810351
47824181
47838013
47851847
47865683
47879521
47893361
47907203
47921047
47934893
47948741
47962591
47976443
47990297
48004153
48018011
48031871
48045733
48059597
48073463
48087331
48101201
48115073
48128947
48142823
48156701
48170581
48184463
48198347
48212233
48226121
48240011
48253903
48267797
48281693
48295591
48309491
48323393
48337297
48351203
48365111
48379021
48392933
48406847
48420763
48434681
48448601
48462523
48476447
48490373
48504301
48518231
48532163
48546097
48560033
48573971
48587911
48601853
48615797
48629743
48643691
48657641
48671593
48685547
48699503
48713461
48727421
48741383
48755347
48769313
48783281
48797251
48811223
48825197
48839173
48853151
48867131
48881113
48895097
48909083
48923071
48937061
48951053
48965047
48979043
48993041
49007041
49021043
49035047
49049053
49063061
49077071
49091083
49105097
49119113
49133131
49147151
49161173
49175197
49189223
49203251
49217281
49231313
49245347
49259383
49273421
49287461
49301503
49315547
49329593
49343641
49357691
49371743
49385797
49399853
49413911
49427971
49442033
49456097
49470163
49484231
49498301
49512373
49526447
49540523
49554601
49568681
49582763
49596847
49610933
49625021
49639111
49653203
49667297
49681393
49695491
49709591
49723693
49737797
49751903
49766011
49780121
49794233
49808347
49822463
49836581
49850701
49864823
49878947
49893073
49907201
49921331
49935463
49949597
49963733
49977871
49992011
50006153
50020297
50034443
50048591
50062741
50076893
50091047
50105203
50119361
50133521
50147683
50161847
50176013
50190181
50204351
50218523
50232697
50246873
50261051
50275231
50289413
50303597
50317783
50331971
50346161
50360353
50374547
50388743
50402941
50417141
50431343
50445547
50459753
50473961
50488171
50502383
50516597
50530813
50545031
50559251
50573473
50587697
50601923
50616151
50630381
50644613
50658847
50673083
50687321
50701561
50715803
50730047
50744293
50758541
50772791
50787043
50801297
50815553
50829811
50844071
50858333
50872597
50886863
50901131
50915401
50929673
50943947
50958223
50972501
50986781
51001063
51015347
51029633
51043921
51058211
51072503
51086797
51101093
51115391
51129691
51143993
51158297
51172603
51186911
51201221
51215533
51229847
51244163
51258481
51272801
51287123
51301447
51315773
51330101
51344431
51358763
51373097
51387433
51401771
51416111
51430453
51444797
51459143
51473491
51487841
51502193
51516547
51530903
51545261
51559621
51573983
51588347
51602713
51617081
51631451
51645823
51660197
51674573
51688951
51703331
51717713
51732097
51746483
51760871
51775261
51789653
51804047
51818443
51832841
51847241
51861643
51876047
51890453
51904861
51919271
51933683
51948097
51962513
51976931
51991351
52005773
52020197
52034623
52049051
52063481
52077913
52092347
52106783
52121221
52135661
52150103
52164547
52178993
52193441
52207891
52222343
52236797
52251253
52265711
52280171
52294633
52309097
52323563
52338031
52352501
52366973
52381447
52395923
52410401
52424881
52439363
52453847
52468333
52482821
52497311
52511803
52526297
52540793
52555291
52569791
52584293
52598797
52613303
52627811
52642321
52656833
52671347
52685863
52700381
52714901
52729423
52743947
52758473
52773001
52787531
52802063
52816597
52831133
52845671
52860211
52874753
52889297
52903843
52918391
52932941
52947493
52962047
52976603
52991161
53005721
53020283
53034847
53049413
53063981
53078551
53093123
53107697
53122273
53136851
53151431
53166013
53180597
53195183
53209771
53224361
53238953
53253547
53268143
53282741
53297341
53311943
53326547
53341153
53355761
53370371
53384983
53399597
53414213
53428831
53443451
53458073
53472697
53487323
53501951
53516581
53531213
53545847
53560483
53575121
53589761
53604403
53619047
53633693
53648341
53662991
53677643
53692297
53706953
53721611
53736271
53750933
53765597
53780263
53794931
53809601
53824273
53838947
53853623
53868301
53882981
53897663
53912347
53927033
53941721
53956411
53971103
53985797
54000493
54015191
54029891
54044593
54059297
54074003
54088711
54103421
54118133
54132847
54147563
54162281
54177001
54191723
54206447
54221173
54235901
54250631
54265363
54280097
54294833
54309571
54324311
54339053
54353797
54368543
54383291
54398041
54412793
54427547
54442303
54457061
54471821
54486583
54501347
54516113
54530881
54545651
54560423
54575197
54589973
54604751
54619531
54634313
54649097
54663883
54678671
54693461
54708253
54723047
54737843
54752641
54767441
54782243
54797047
54811853
54826661
54841471
54856283
54871097
54885913
54900731
54915551
54930373
54945197
54960023
54974851
54989681
55004513
55019347
55034183
55049021
55063861
55078703
55093547
55108393
55123241
55138091
55152943
55167797
55182653
55197511
55212371
55227233
55242097
55256963
55271831
55286701
55301573
55316447
55331323
55346201
55361081
55375963
55390847
55405733
55420621
55435511
55450403
55465297
55480193
55495091
55509991
55524893
55539797
55554703
55569611
55584521
55599433
55614347
55629263
55644181
55659101
55674023
55688947
55703873
55718801
55733731
55748663
55763597
55778533
55793471
55808411
55823353
55838297
55853243
55868191
55883141
55898093
55913047
55928003
55942961
55957921
55972883
55987847
56002813
56017781
56032751
56047723
56062697
56077673
56092651
56107631
56122613
56137597
56152583
56167571
56182561
56197553
56212547
56227543
56242541
56257541
56272543
56287547
56302553
56317561
56332571
56347583
56362597
56377613
56392631
56407651
56422673
56437697
56452723
56467751
56482781
56497813
56512847
56527883
56542921
56557961
56573003
56588047
56603093
56618141
56633191
56648243
56663297
56678353
56693411
56708471
56723533
56738597
56753663
56768731
56783801
56798873
56813947
56829023
56844101
56859181
56874263
56889347
56904433
56919521
56934611
56949703
56964797
56979893
56994991
57010091
57025193
57040297
57055403
57070511
57085621
57100733
57115847
57130963
57146081
57161201
57176323
57191447
57206573
57221701
57236831
57251963
57267097
57282233
57297371
57312511
57327653
57342797
57357943
57373091
57388241
57403393
57418547
57433703
57448861
57464021
57479183
57494347
57509513
57524681
57539851
57555023
57570197
57585373
57600551
57615731
57630913
57646097
57661283
57676471
57691661
57706853
57722047
57737243
57752441
57767641
57782843
57798047
57813253
57828461
57843671
57858883
57874097
57889313
57904531
57919751
57934973
57950197
57965423
57980651
57995881
58011113
58026347
58041583
58056821
58072061
58087303
58102547
58117793
58133041
58148291
58163543
58178797
58194053
58209311
58224571
58239833
58255097
58270363
58285631
58300901
58316173
58331447
58346723
58362001
58377281
58392563
58407847
58423133
58438421
58453711
58469003
58484297
58499593
58514891
58530191
58545493
58560797
58576103
58591411
58606721
58622033
58637347
58652663
58667981
58683301
58698623
58713947
58729273
58744601
58759931
58775263
58790597
58805933
58821271
58836611
58851953
58867297
58882643
58897991
58913341
58928693
58944047
58959403
58974761
58990121
59005483
59020847
59036213
59051581
59066951
59082323
59097697
59113073
59128451
59143831
59159213
59174597
59189983
59205371
59220761
59236153
59251547
59266943
59282341
59297741
59313143
59328547
59343953
59359361
59374771
59390183
59405597
59421013
59436431
59451851
59467273
59482697
59498123
59513551
59528981
59544413
59559847
59575283
59590721
59606161
59621603
59637047
59652493
59667941
59683391
59698843
59714297
59729753
59745211
59760671
59776133
59791597
59807063
59822531
59838001
59853473
59868947
59884423
59899901
59915381
59930863
59946347
59961833
59977321
59992811
60008303
60023797
60039293
60054791
60070291
60085793
60101297
60116803
60132311
60147821
60163333
60178847
60194363
60209881
60225401
60240923
60256447
60271973
60287501
60303031
60318563
60334097
60349633
60365171
60380711
60396253
60411797
60427343
60442891
60458441
60473993
60489547
60505103
60520661
60536221
60551783
60567347
60582913
60598481
60614051
60629623
60645197
60660773
60676351
60691931
60707513
60723097
60738683
60754271
60769861
60785453
60801047
60816643
60832241
60847841
60863443
60879047
60894653
60910261
60925871
60941483
60957097
60972713
60988331
61003951
61019573
61035197
61050823
61066451
61082081
61097713
61113347
61128983
61144621
61160261
61175903
61191547
61207193
61222841
61238491
61254143
61269797
61285453
61301111
61316771
61332433
61348097
61363763
61379431
61395101
61410773
61426447
61442123
61457801
61473481
61489163
61504847
61520533
61536221
61551911
61567603
61583297
61598993
61614691
61630391
61646093
61661797
61677503
61693211
61708921
61724633
61740347
61756063
61771781
61787501
61803223
61818947
61834673
61850401
61866131
61881863
61897597
61913333
61929071
61944811
61960553
61976297
61992043
62007791
62023541
62039293
62055047
62070803
62086561
62102321
62118083
62133847
62149613
62165381
62181151
62196923
62212697
62228473
62244251
62260031
62275813
62291597
62307383
62323171
62338961
62354753
62370547
62386343
62402141
62417941
62433743
62449547
62465353
62481161
62496971
62512783
62528597
62544413
62560231
62576051
62591873
62607697
62623523
62639351
62655181
62671013
62686847
62702683
62718521
62734361
62750203
62766047
62781893
62797741
62813591
62829443
62845297
62861153
62877011
62892871
62908733
62924597
62940463
62956331
62972201
62988073
63003947
63019823
63035701
63051581
63067463
63083347
63099233
63115121
63131011
63146903
63162797
63178693
63194591
63210491
63226393
63242297
63258203
63274111
63290021
63305933
63321847
63337763
63353681
63369601
63385523
63401447
63417373
63433301
63449231
63465163
63481097
63497033
63512971
63528911
63544853
63560797
63576743
63592691
63608641
63624593
63640547
63656503
63672461
63688421
63704383
63720347
63736313
63752281
63768251
63784223
63800197
63816173
63832151
63848131
63864113
63880097
63896083
63912071
63928061
63944053
63960047
63976043
63992041
64008041
64024043
64040047
64056053
64072061
64088071
64104083
64120097
64136113
64152131
64168151
64184173
64200197
64216223
64232251
64248281
64264313
64280347
64296383
64312421
64328461
64344503
64360547
64376593
64392641
64408691
64424743
64440797
64456853
64472911
64488971
64505033
64521097
64537163
64553231
64569301
64585373
64601447
64617523
64633601
64649681
64665763
64681847
64697933
64714021
64730111
64746203
64762297
64778393
64794491
64810591
64826693
64842797
64858903
64875011
64891121
64907233
64923347
64939463
64955581
64971701
64987823
65003947
65020073
65036201
65052331
65068463
65084597
65100733
65116871
65133011
65149153
65165297
65181443
65197591
65213741
65229893
65246047
65262203
65278361
65294521
65310683
65326847
65343013
65359181
65375351
65391523
65407697
65423873
65440051
65456231
65472413
65488597
65504783
65520971
65537161
65553353
65569547
65585743
65601941
65618141
65634343
65650547
65666753
65682961
65699171
65715383
65731597
65747813
65764031
65780251
65796473
65812697
65828923
65845151
65861381
65877613
65893847
65910083
65926321
65942561
65958803
65975047
65991293
66007541
66023791
66040043
66056297
66072553
66088811
66105071
66121333
66137597
66153863
66170131
66186401
66202673
66218947
66235223
66251501
66267781
66284063
66300347
66316633
66332921
66349211
66365503
66381797
66398093
66414391
66430691
66446993
66463297
66479603
66495911
66512221
66528533
66544847
66561163
66577481
66593801
66610123
66626447
66642773
66659101
66675431
66691763
66708097
66724433
66740771
66757111
66773453
66789797
66806143
66822491
66838841
66855193
66871547
66887903
66904261
66920621
66936983
66953347
66969713
66986081
67002451
67018823
67035197
67051573
67067951
67084331
67100713
67117097
67133483
67149871
67166261
67182653
67199047
67215443
67231841
67248241
67264643
67281047
67297453
67313861
67330271
67346683
67363097
67379513
67395931
67412351
67428773
67445197
67461623
67478051
67494481
67510913
67527347
67543783
67560221
67576661
67593103
67609547
67625993
67642441
67658891
67675343
67691797
67708253
67724711
67741171
67757633
67774097
67790563
67807031
67823501
67839973
67856447
67872923
67889401
67905881
67922363
67938847
67955333
67971821
67988311
68004803
68021297
68037793
68054291
68070791
68087293
68103797
68120303
68136811
68153321
68169833
68186347
68202863
68219381
68235901
68252423
68268947
68285473
68302001
68318531
68335063
68351597
68368133
68384671
68401211
68417753
68434297
68450843
68467391
68483941
68500493
68517047
68533603
68550161
68566721
68583283
68599847
68616413
68632981
68649551
68666123
68682697
68699273
68715851
68732431
68749013
68765597
68782183
68798771
68815361
68831953
68848547
68865143
68881741
68898341
68914943
68931547
68948153
68964761
68981371
68997983
69014597
69031213
69047831
69064451
69081073
69097697
69114323
69130951
69147581
69164213
69180847
69197483
69214121
69230761
69247403
69264047
69280693
69297341
69313991
69330643
69347297
69363953
69380611
69397271
69413933
69430597
69447263
69463931
69480601
69497273
69513947
69530623
69547301
69563981
69580663
69597347
69614033
69630721
69647411
69664103
69680797
69697493
69714191
69730891
69747593
69764297
69781003
69797711
69814421
69831133
69847847
69864563
69881281
69898001
69914723
69931447
69948173
69964901
69981631
69998363
70015097
70031833
70048571
70065311
70082053
70098797
70115543
70132291
70149041
70165793
70182547
70199303
70216061
70232821
70249583
70266347
70283113
70299881
70316651
70333423
70350197
70366973
70383751
70400531
70417313
70434097
70450883
70467671
70484461
70501253
70518047
70534843
70551641
70568441
70585243
70602047
70618853
70635661
70652471
70669283
70686097
70702913
70719731
70736551
70753373
70770197
70787023
70803851
70820681
70837513
70854347
70871183
70888021
70904861
70921703
70938547
70955393
70972241
70989091
71005943
71022797
71039653
71056511
71073371
71090233
71107097
71123963
71140831
71157701
71174573
71191447
71208323
71225201
71242081
71258963
71275847
71292733
71309621
71326511
71343403
71360297
71377193
71394091
71410991
71427893
71444797
71461703
71478611
71495521
71512433
71529347
71546263
71563181
71580101
71597023
71613947
71630873
71647801
71664731
71681663
71698597
71715533
71732471
71749411
71766353
71783297
71800243
71817191
71834141
71851093
71868047
71885003
71901961
71918921
71935883
71952847
71969813
71986781
72003751
72020723
72037697
72054673
72071651
72088631
72105613
72122597
72139583
72156571
72173561
72190553
72207547
72224543
72241541
72258541
72275543
72292547
72309553
72326561
72343571
72360583
72377597
72394613
72411631
72428651
72445673
72462697
72479723
72496751
72513781
72530813
72547847
72564883
72581921
72598961
72616003
72633047
72650093
72667141
72684191
72701243
72718297
72735353
72752411
72769471
72786533
72803597
72820663
72837731
72854801
72871873
72888947
72906023
72923101
72940181
72957263
72974347
72991433
73008521
73025611
73042703
73059797
73076893
73093991
73111091
73128193
73145297
73162403
73179511
73196621
73213733
73230847
73247963
73265081
73282201
73299323
73316447
73333573
73350701
73367831
73384963
73402097
73419233
73436371
73453511
73470653
73487797
73504943
73522091
73539241
73556393
73573547
73590703
73607861
73625021
73642183
73659347
73676513
73693681
73710851
73728023
73745197
73762373
73779551
73796731
73813913
73831097
73848283
73865471
73882661
73899853
73917047
73934243
73951441
73968641
73985843
74003047
74020253
74037461
74054671
74071883
74089097
74106313
74123531
74140751
74157973
74175197
74192423
74209651
74226881
74244113
74261347
74278583
74295821
74313061
74330303
74347547
74364793
74382041
74399291
74416543
74433797
74451053
74468311
74485571
74502833
74520097
74537363
74554631
74571901
74589173
74606447
74623723
74641001
74658281
74675563
74692847
74710133
74727421
74744711
74762003
74779297
74796593
74813891
74831191
74848493
74865797
74883103
74900411
74917721
74935033
74952347
74969663
74986981
75004301
75021623
75038947
75056273
75073601
75090931
75108263
75125597
75142933
75160271
75177611
75194953
75212297
75229643
75246991
75264341
75281693
75299047
75316403
75333761
75351121
75368483
75385847
75403213
75420581
75437951
75455323
75472697
75490073
75507451
75524831
75542213
75559597
75576983
75594371
75611761
75629153
75646547
75663943
75681341
75698741
75716143
75733547
75750953
75768361
75785771
75803183
75820597
75838013
75855431
75872851
75890273
75907697
75925123
75942551
75959981
75977413
75994847
76012283
76029721
76047161
76064603
76082047
76099493
76116941
76134391
76151843
76169297
76186753
76204211
76221671
76239133
76256597
76274063
76291531
76309001
76326473
76343947
76361423
76378901
76396381
76413863
76431347
76448833
76466321
76483811
76501303
76518797
76536293
76553791
76571291
76588793
76606297
76623803
76641311
76658821
76676333
76693847
76711363
76728881
76746401
76763923
76781447
76798973
76816501
76834031
76851563
76869097
76886633
76904171
76921711
76939253
76956797
76974343
76991891
77009441
77026993
77044547
77062103
77079661
77097221
77114783
77132347
77149913
77167481
77185051
77202623
77220197
77237773
77255351
77272931
77290513
77308097
77325683
77343271
77360861
77378453
77396047
77413643
77431241
77448841
77466443
77484047
77501653
77519261
77536871
77554483
77572097
77589713
77607331
77624951
77642573
77660197
77677823
77695451
77713081
77730713
77748347
77765983
77783621
77801261
77818903
77836547
77854193
77871841
77889491
77907143
77924797
77942453
77960111
77977771
77995433
78013097
78030763
78048431
78066101
78083773
78101447
78119123
78136801
78154481
78172163
78189847
78207533
78225221
78242911
78260603
78278297
78295993
78313691
78331391
78349093
78366797
78384503
78402211
78419921
78437633
78455347
78473063
78490781
78508501
78526223
78543947
78561673
78579401
78597131
78614863
78632597
78650333
78668071
78685811
78703553
78721297
78739043
78756791
78774541
78792293
78810047
78827803
78845561
78863321
78881083
78898847
78916613
78934381
78952151
78969923
78987697
79005473
79023251
79041031
79058813
79076597
79094383
79112171
79129961
79147753
79165547
79183343
79201141
79218941
79236743
79254547
79272353
79290161
79307971
79325783
79343597
79361413
79379231
79397051
79414873
79432697
79450523
79468351
79486181
79504013
79521847
79539683
79557521
79575361
79593203
79611047
79628893
79646741
79664591
79682443
79700297
79718153
79736011
79753871
79771733
79789597
79807463
79825331
79843201
79861073
79878947
79896823
79914701
79932581
79950463
79968347
79986233
80004121
80022011
80039903
80057797
80075693
80093591
80111491
80129393
80147297
80165203
80183111
80201021
80218933
80236847
80254763
80272681
80290601
80308523
80326447
80344373
80362301
80380231
80398163
80416097
80434033
80451971
80469911
80487853
80505797
80523743
80541691
80559641
80577593
80595547
80613503
80631461
80649421
80667383
80685347
80703313
80721281
80739251
80757223
80775197
80793173
80811151
80829131
80847113
80865097
80883083
80901071
80919061
80937053
80955047
80973043
80991041
81009041
81027043
81045047
81063053
81081061
81099071
81117083
81135097
81153113
81171131
81189151
81207173
81225197
81243223
81261251
81279281
81297313
81315347
81333383
81351421
81369461
81387503
81405547
81423593
81441641
81459691
81477743
81495797
81513853
81531911
81549971
81568033
81586097
81604163
81622231
81640301
81658373
81676447
81694523
81712601
81730681
81748763
81766847
81784933
81803021
81821111
81839203
81857297
81875393
81893491
81911591
81929693
81947797
81965903
81984011
82002121
82020233
82038347
82056463
82074581
82092701
82110823
82128947
82147073
82165201
82183331
82201463
82219597
82237733
82255871
82274011
82292153
82310297
82328443
82346591
82364741
82382893
82401047
82419203
82437361
82455521
82473683
82491847
82510013
82528181
82546351
82564523
82582697
82600873
82619051
82637231
82655413
82673597
82691783
82709971
82728161
82746353
82764547
82782743
82800941
82819141
82837343
82855547
82873753
82891961
82910171
82928383
82946597
82964813
82983031
83001251
83019473
83037697
83055923
83074151
83092381
83110613
83128847
83147083
83165321
83183561
83201803
83220047
83238293
83256541
83274791
83293043
83311297
83329553
83347811
83366071
83384333
83402597
83420863
83439131
83457401
83475673
83493947
83512223
83530501
83548781
83567063
83585347
83603633
83621921
83640211
83658503
83676797
83695093
83713391
83731691
83749993
83768297
83786603
83804911
83823221
83841533
83859847
83878163
83896481
83914801
83933123
83951447
83969773
83988101
84006431
84024763
84043097
84061433
84079771
84098111
84116453
84134797
84153143
84171491
84189841
84208193
84226547
84244903
84263261
84281621
84299983
84318347
84336713
84355081
84373451
84391823
84410197
84428573
84446951
84465331
84483713
84502097
84520483
84538871
84557261
84575653
84594047
84612443
84630841
84649241
84667643
84686047
84704453
84722861
84741271
84759683
84778097
84796513
84814931
84833351
84851773
84870197
84888623
84907051
84925481
84943913
84962347
84980783
84999221
85017661
85036103
85054547
85072993
85091441
85109891
85128343
85146797
85165253
85183711
85202171
85220633
85239097
85257563
85276031
85294501
85312973
85331447
85349923
85368401
85386881
85405363
85423847
85442333
85460821
85479311
85497803
85516297
85534793
85553291
85571791
85590293
85608797
85627303
85645811
85664321
85682833
85701347
85719863
85738381
85756901
85775423
85793947
85812473
85831001
85849531
85868063
85886597
85905133
85923671
85942211
85960753
85979297
85997843
86016391
86034941
86053493
86072047
86090603
86109161
86127721
86146283
86164847
86183413
86201981
86220551
86239123
86257697
86276273
86294851
86313431
86332013
86350597
86369183
86387771
86406361
86424953
86443547
86462143
86480741
86499341
86517943
86536547
86555153
86573761
86592371
86610983
86629597
86648213
86666831
86685451
86704073
86722697
86741323
86759951
86778581
86797213
86815847
86834483
86853121
86871761
86890403
86909047
86927693
86946341
86964991
86983643
87002297
87020953
87039611
87058271
87076933
87095597
87114263
87132931
87151601
87170273
87188947
87207623
87226301
87244981
87263663
87282347
87301033
87319721
87338411
87357103
87375797
87394493
87413191
87431891
87450593
87469297
87488003
87506711
87525421
87544133
87562847
87581563
87600281
87619001
87637723
87656447
87675173
87693901
87712631
87731363
87750097
87768833
87787571
87806311
87825053
87843797
87862543
87881291
87900041
87918793
87937547
87956303
87975061
87993821
88012583
88031347
88050113
88068881
88087651
88106423
88125197
88143973
88162751
88181531
88200313
88219097
88237883
88256671
88275461
88294253
88313047
88331843
88350641
88369441
88388243
88407047
88425853
88444661
88463471
88482283
88501097
88519913
88538731
88557551
88576373
88595197
88614023
88632851
88651681
88670513
88689347
88708183
88727021
88745861
88764703
88783547
88802393
88821241
88840091
88858943
88877797
88896653
88915511
88934371
88953233
88972097
88990963
89009831
89028701
89047573
89066447
89085323
89104201
89123081
89141963
89160847
89179733
89198621
89217511
89236403
89255297
89274193
89293091
89311991
89330893
89349797
89368703
89387611
89406521
89425433
89444347
89463263
89482181
89501101
89520023
89538947
89557873
89576801
89595731
89614663
89633597
89652533
89671471
89690411
89709353
89728297
89747243
89766191
89785141
89804093
89823047
89842003
89860961
89879921
89898883
89917847
89936813
89955781
89974751
89993723
90012697
90031673
90050651
90069631
90088613
90107597
90126583
90145571
90164561
90183553
90202547
90221543
90240541
90259541
90278543
90297547
90316553
90335561
90354571
90373583
90392597
90411613
90430631
90449651
90468673
90487697
90506723
90525751
90544781
90563813
90582847
90601883
90620921
90639961
90659003
90678047
90697093
90716141
90735191
90754243
90773297
90792353
90811411
90830471
90849533
90868597
90887663
90906731
90925801
90944873
90963947
90983023
91002101
91021181
91040263
91059347
91078433
91097521
91116611
91135703
91154797
91173893
91192991
91212091
91231193
91250297
91269403
91288511
91307621
91326733
91345847
91364963
91384081
91403201
91422323
91441447
91460573
91479701
91498831
91517963
91537097
91556233
91575371
91594511
91613653
91632797
91651943
91671091
91690241
91709393
91728547
91747703
91766861
91786021
91805183
91824347
91843513
91862681
91881851
91901023
91920197
91939373
91958551
91977731
91996913
92016097
92035283
92054471
92073661
92092853
92112047
92131243
92150441
92169641
92188843
92208047
92227253
92246461
92265671
92284883
92304097
92323313
92342531
92361751
92380973
92400197
92419423
92438651
92457881
92477113
92496347
92515583
92534821
92554061
92573303
92592547
92611793
92631041
92650291
92669543
92688797
92708053
92727311
92746571
92765833
92785097
92804363
92823631
92842901
92862173
92881447
92900723
92920001
92939281
92958563
92977847
92997133
93016421
93035711
93055003
93074297
93093593
93112891
93132191
93151493
93170797
93190103
93209411
93228721
93248033
93267347
93286663
93305981
93325301
93344623
93363947
93383273
93402601
93421931
93441263
93460597
93479933
93499271
93518611
93537953
93557297
93576643
93595991
93615341
93634693
93654047
93673403
93692761
93712121
93731483
93750847
93770213
93789581
93808951
93828323
93847697
93867073
93886451
93905831
93925213
93944597
93963983
93983371
94002761
94022153
94041547
94060943
94080341
94099741
94119143
94138547
94157953
94177361
94196771
94216183
94235597
94255013
94274431
94293851
94313273
94332697
94352123
94371551
94390981
94410413
94429847
94449283
94468721
94488161
94507603
94527047
94546493
94565941
94585391
94604843
94624297
94643753
94663211
94682671
94702133
94721597
94741063
94760531
94780001
94799473
94818947
94838423
94857901
94877381
94896863
94916347
94935833
94955321
94974811
94994303
95013797
95033293
95052791
95072291
95091793
95111297
95130803
95150311
95169821
95189333
95208847
95228363
95247881
95267401
95286923
95306447
95325973
95345501
95365031
95384563
95404097
95423633
95443171
95462711
95482253
95501797
95521343
95540891
95560441
95579993
95599547
95619103
95638661
95658221
95677783
95697347
95716913
95736481
95756051
95775623
95795197
95814773
95834351
95853931
95873513
95893097
95912683
95932271
95951861
95971453
95991047
96010643
96030241
96049841
96069443
96089047
96108653
96128261
96147871
96167483
96187097
96206713
96226331
96245951
96265573
96285197
96304823
96324451
96344081
96363713
96383347
96402983
96422621
96442261
96461903
96481547
96501193
96520841
96540491
96560143
96579797
96599453
96619111
96638771
96658433
96678097
96697763
96717431
96737101
96756773
96776447
96796123
96815801
96835481
96855163
96874847
96894533
96914221
96933911
96953603
96973297
96992993
97012691
97032391
97052093
97071797
97091503
97111211
97130921
97150633
97170347
97190063
97209781
97229501
97249223
97268947
97288673
97308401
97328131
97347863
97367597
97387333
97407071
97426811
97446553
97466297
97486043
97505791
97525541
97545293
97565047
97584803
97604561
97624321
97644083
97663847
97683613
97703381
97723151
97742923
97762697
97782473
97802251
97822031
97841813
97861597
97881383
97901171
97920961
97940753
97960547
97980343
98000141
98019941
98039743
98059547
98079353
98099161
98118971
98138783
98158597
98178413
98198231
98218051
98237873
98257697
98277523
98297351
98317181
98337013
98356847
98376683
98396521
98416361
98436203
98456047
98475893
98495741
98515591
98535443
98555297
98575153
98595011
98614871
98634733
98654597
98674463
98694331
98714201
98734073
98753947
98773823
98793701
98813581
98833463
98853347
98873233
98893121
98913011
98932903
98952797
98972693
98992591
99012491
99032393
99052297
99072203
99092111
99112021
99131933
99151847
99171763
99191681
99211601
99231523
99251447
99271373
99291301
99311231
99331163
99351097
99371033
99390971
99410911
99430853
99450797
99470743
99490691
99510641
99530593
99550547
99570503
99590461
99610421
99630383
99650347
99670313
99690281
99710251
99730223
99750197
99770173
99790151
99810131
99830113
99850097
99870083
99890071
99910061
99930053
99950047
99970043
99990041
